[0;30m[2020-11-30 16:09:01] [INFO] dataset : esr[0m
[0;30m[2020-11-30 16:09:01] [INFO] prototype number : 10[0m
[0;30m[2020-11-30 16:09:01] [INFO] batch_size : 300[0m
[0;30m[2020-11-30 16:09:01] [INFO] epoch_size : 100[0m
[0;34m[2020-11-30 16:09:04] [DEBUG] =====starting on ['esr']=======[0m
[0;32m[2020-11-30 16:09:04] [WARNING] =====Mission: Classification=======[0m
[0;32m[2020-11-30 16:09:04] [WARNING] =====k_fold: 1=======[0m
[0;30m[2020-11-30 16:09:11] [INFO] Training acc of traditional FNN: 0.39978262782096863[0m
[0;30m[2020-11-30 16:09:11] [INFO] Test acc of test traditional FNN: 0.3518921434879303[0m
[0;30m[2020-11-30 16:09:12] [INFO] tensor([[0.0199, 0.0441, 0.5772, 0.1084, 0.0755, 0.0215, 0.0681, 0.0254, 0.0436,
         0.0162],
        [0.0203, 0.0295, 0.5846, 0.1157, 0.0880, 0.0198, 0.0699, 0.0184, 0.0408,
         0.0130],
        [0.0225, 0.0469, 0.5328, 0.1123, 0.0900, 0.0223, 0.0630, 0.0300, 0.0602,
         0.0200],
        [0.0235, 0.0312, 0.5533, 0.1158, 0.0800, 0.0234, 0.1061, 0.0168, 0.0382,
         0.0118],
        [0.0209, 0.0313, 0.5670, 0.1222, 0.0938, 0.0209, 0.0666, 0.0201, 0.0437,
         0.0136]], device='cuda:0')[0m
[0;30m[2020-11-30 16:09:12] [INFO] fpn epoch : 1, train acc : 0.31869566440582275, test acc : 0.2931709587574005[0m
[0;30m[2020-11-30 16:09:13] [INFO] tensor([[1.1006e-08, 1.4692e-01, 8.5182e-01, 4.0590e-05, 2.9905e-05, 8.8336e-10,
         7.7042e-04, 9.0261e-08, 4.2051e-04, 3.0863e-06],
        [1.7257e-08, 4.3727e-03, 9.9304e-01, 2.8857e-05, 2.2768e-05, 1.1424e-09,
         2.2280e-03, 1.8354e-08, 3.0570e-04, 1.2339e-06],
        [2.6123e-08, 1.0616e-01, 8.8999e-01, 8.1600e-05, 6.1693e-05, 2.1350e-09,
         1.1757e-03, 2.2678e-07, 2.5213e-03, 1.4248e-05],
        [4.5627e-08, 8.8247e-03, 9.7759e-01, 4.8378e-05, 3.7732e-05, 2.2218e-09,
         1.3318e-02, 1.7078e-08, 1.8019e-04, 6.1203e-07],
        [1.2872e-08, 6.4745e-03, 9.9226e-01, 2.9342e-05, 2.2415e-05, 9.9713e-10,
         9.6392e-04, 2.0739e-08, 2.4967e-04, 1.0783e-06]], device='cuda:0')[0m
[0;30m[2020-11-30 16:09:13] [INFO] fpn epoch : 2, train acc : 0.4094565212726593, test acc : 0.4140930771827698[0m
[0;30m[2020-11-30 16:09:13] [INFO] tensor([[2.8666e-10, 1.6785e-01, 8.0268e-01, 1.3802e-05, 8.3136e-06, 2.9160e-12,
         2.8934e-02, 1.4230e-08, 5.2035e-04, 7.3678e-07],
        [1.3930e-10, 1.6737e-03, 9.8733e-01, 3.8399e-06, 2.2844e-06, 1.3683e-12,
         1.0860e-02, 9.3148e-10, 1.2694e-04, 1.0432e-07],
        [5.3585e-10, 1.6077e-01, 8.1343e-01, 2.7292e-05, 1.6066e-05, 6.5736e-12,
         2.2016e-02, 3.7606e-08, 3.7426e-03, 4.5658e-06],
        [3.2268e-10, 1.4399e-03, 9.4911e-01, 5.0709e-06, 3.2247e-06, 2.3675e-12,
         4.9400e-02, 7.8201e-10, 3.9143e-05, 2.9141e-08],
        [1.4607e-10, 2.9594e-03, 9.9238e-01, 5.8179e-06, 3.4247e-06, 1.8143e-12,
         4.5119e-03, 1.6977e-09, 1.3660e-04, 1.3175e-07]], device='cuda:0')[0m
[0;30m[2020-11-30 16:09:13] [INFO] fpn epoch : 3, train acc : 0.43097826838493347, test acc : 0.43366682529449463[0m
[0;30m[2020-11-30 16:09:14] [INFO] tensor([[4.2791e-11, 1.3461e-01, 8.4933e-01, 3.4843e-06, 1.7885e-06, 1.0950e-13,
         1.5974e-02, 2.0190e-09, 7.9149e-05, 1.2352e-07],
        [3.2991e-11, 1.2091e-03, 9.9060e-01, 1.7416e-06, 8.5998e-07, 9.7892e-14,
         8.1535e-03, 2.3911e-10, 3.1730e-05, 3.0686e-08],
        [4.0418e-11, 4.0393e-02, 9.5427e-01, 3.7514e-06, 1.8867e-06, 1.4709e-13,
         5.0575e-03, 3.2370e-09, 2.7537e-04, 3.9836e-07],
        [1.0991e-10, 7.8713e-03, 9.5258e-01, 3.4132e-06, 1.9159e-06, 2.3240e-13,
         3.9521e-02, 5.2253e-10, 2.0901e-05, 1.8262e-08],
        [4.5010e-11, 3.6789e-03, 9.9182e-01, 3.2886e-06, 1.6647e-06, 1.5782e-13,
         4.4558e-03, 6.2703e-10, 4.4121e-05, 4.9140e-08]], device='cuda:0')[0m
[0;30m[2020-11-30 16:09:14] [INFO] fpn epoch : 4, train acc : 0.43771740794181824, test acc : 0.43453675508499146[0m
[0;30m[2020-11-30 16:09:15] [INFO] tensor([[4.1987e-11, 5.8666e-03, 9.5602e-01, 2.9989e-06, 1.5790e-06, 7.3820e-14,
         3.8064e-02, 1.8425e-09, 4.4321e-05, 6.1688e-08],
        [1.9107e-11, 6.7176e-05, 9.9250e-01, 1.1313e-06, 5.5733e-07, 4.5846e-14,
         7.4181e-03, 1.7924e-10, 1.2388e-05, 1.1595e-08],
        [2.5158e-11, 2.4141e-03, 9.9034e-01, 2.3160e-06, 1.1956e-06, 6.5855e-14,
         7.1326e-03, 2.2713e-09, 1.0567e-04, 1.4566e-07],
        [7.7164e-11, 3.6041e-04, 9.6892e-01, 2.5558e-06, 1.5022e-06, 1.3565e-13,
         3.0709e-02, 5.4742e-10, 9.8391e-06, 8.8931e-09],
        [3.3852e-11, 1.7100e-04, 9.9461e-01, 2.5967e-06, 1.3412e-06, 9.5052e-14,
         5.1985e-03, 5.3069e-10, 2.0893e-05, 2.3371e-08]], device='cuda:0')[0m
[0;30m[2020-11-30 16:09:15] [INFO] fpn epoch : 5, train acc : 0.4409782588481903, test acc : 0.43497171998023987[0m
[0;30m[2020-11-30 16:09:16] [INFO] tensor([[9.9534e-11, 7.9653e-02, 8.5516e-01, 6.0615e-06, 3.3189e-06, 1.1344e-13,
         6.5086e-02, 8.4788e-09, 8.9293e-05, 1.6896e-07],
        [3.7675e-11, 7.5854e-04, 9.8895e-01, 2.3928e-06, 1.1719e-06, 6.0275e-14,
         1.0269e-02, 8.3408e-10, 2.3684e-05, 3.1013e-08],
        [7.4457e-11, 3.3219e-02, 9.5345e-01, 6.8876e-06, 3.6009e-06, 1.3385e-13,
         1.3043e-02, 1.4624e-08, 2.7671e-04, 5.1051e-07],
        [1.7262e-10, 3.8606e-03, 9.4345e-01, 5.7909e-06, 3.4483e-06, 2.0572e-13,
         5.2657e-02, 2.8105e-09, 1.8631e-05, 2.5278e-08],
        [7.5667e-11, 2.1642e-03, 9.9067e-01, 5.7894e-06, 3.0271e-06, 1.4452e-13,
         7.1136e-03, 2.5930e-09, 4.2623e-05, 6.8490e-08]], device='cuda:0')[0m
[0;30m[2020-11-30 16:09:16] [INFO] fpn epoch : 6, train acc : 0.4508695602416992, test acc : 0.44193127751350403[0m
[0;30m[2020-11-30 16:09:16] [INFO] tensor([[1.7141e-10, 3.2275e-02, 9.0915e-01, 6.0677e-06, 3.1610e-06, 1.1263e-13,
         5.8514e-02, 6.5103e-09, 5.6824e-05, 1.2395e-07],
        [7.5845e-11, 6.0164e-04, 9.8496e-01, 2.9485e-06, 1.4419e-06, 7.5864e-14,
         1.4416e-02, 8.7222e-10, 1.9364e-05, 3.0354e-08],
        [1.1016e-10, 1.4301e-02, 9.7102e-01, 5.5895e-06, 2.9099e-06, 1.1152e-13,
         1.4539e-02, 9.7768e-09, 1.3184e-04, 2.9253e-07],
        [3.2841e-10, 3.3496e-03, 9.5496e-01, 6.2124e-06, 3.7004e-06, 2.1510e-13,
         4.1666e-02, 2.8363e-09, 1.4282e-05, 2.4250e-08],
        [1.5922e-10, 1.4758e-03, 9.8810e-01, 6.6350e-06, 3.4931e-06, 1.6858e-13,
         1.0384e-02, 2.4138e-09, 3.1642e-05, 6.0179e-08]], device='cuda:0')[0m
[0;30m[2020-11-30 16:09:16] [INFO] fpn epoch : 7, train acc : 0.45108696818351746, test acc : 0.4488908350467682[0m
[0;30m[2020-11-30 16:09:17] [INFO] tensor([[1.8967e-10, 2.6162e-03, 9.8724e-01, 6.8845e-06, 3.2403e-06, 1.6916e-13,
         1.0099e-02, 5.6981e-09, 3.3993e-05, 6.9231e-08],
        [9.0679e-11, 7.3452e-05, 9.9393e-01, 3.6560e-06, 1.7050e-06, 1.3462e-13,
         5.9803e-03, 8.4425e-10, 1.2230e-05, 1.6511e-08],
        [8.2621e-11, 9.4637e-04, 9.9543e-01, 3.8720e-06, 1.8948e-06, 1.1028e-13,
         3.5703e-03, 5.0186e-09, 4.4127e-05, 8.9949e-08],
        [5.9323e-10, 5.5522e-04, 9.8323e-01, 1.0394e-05, 5.9608e-06, 5.2966e-13,
         1.6189e-02, 4.0069e-09, 1.3871e-05, 2.1191e-08],
        [2.6074e-10, 1.8634e-04, 9.9533e-01, 1.0086e-05, 5.0471e-06, 3.6436e-13,
         4.4413e-03, 2.7208e-09, 2.4988e-05, 4.2664e-08]], device='cuda:0')[0m
[0;30m[2020-11-30 16:09:17] [INFO] fpn epoch : 8, train acc : 0.455326110124588, test acc : 0.43888649344444275[0m
[0;30m[2020-11-30 16:09:18] [INFO] tensor([[4.2763e-10, 3.5340e-02, 9.5277e-01, 1.3766e-05, 6.9148e-06, 2.3179e-13,
         1.1801e-02, 2.9462e-08, 6.9001e-05, 1.8748e-07],
        [1.7877e-10, 5.6425e-04, 9.9312e-01, 6.6063e-06, 3.2683e-06, 1.5000e-13,
         6.2852e-03, 3.9213e-09, 2.1412e-05, 3.5582e-08],
        [2.4581e-10, 8.7560e-03, 9.8430e-01, 1.0349e-05, 5.4627e-06, 2.0455e-13,
         6.8180e-03, 2.9696e-08, 1.1050e-04, 2.7732e-07],
        [1.4721e-09, 5.6066e-03, 9.7400e-01, 2.3860e-05, 1.4522e-05, 7.6892e-13,
         2.0319e-02, 2.1463e-08, 3.3079e-05, 6.5166e-08],
        [5.0068e-10, 1.4928e-03, 9.9384e-01, 1.7567e-05, 9.5927e-06, 4.1716e-13,
         4.5967e-03, 1.1179e-08, 4.5951e-05, 9.8355e-08]], device='cuda:0')[0m
[0;30m[2020-11-30 16:09:18] [INFO] fpn epoch : 9, train acc : 0.46000000834465027, test acc : 0.44715094566345215[0m
[0;30m[2020-11-30 16:09:19] [INFO] tensor([[4.0069e-10, 5.6085e-03, 9.7114e-01, 1.1629e-05, 6.1498e-06, 2.4528e-13,
         2.3199e-02, 2.5202e-08, 3.1034e-05, 9.1637e-08],
        [1.9660e-10, 1.9137e-04, 9.8711e-01, 6.2658e-06, 3.3060e-06, 1.7779e-13,
         1.2680e-02, 4.5416e-09, 1.1930e-05, 2.2715e-08],
        [2.7998e-10, 3.1742e-03, 9.8237e-01, 1.0130e-05, 5.7102e-06, 2.4285e-13,
         1.4375e-02, 3.4271e-08, 6.1837e-05, 1.8323e-07],
        [1.6589e-09, 1.9211e-03, 9.4862e-01, 2.3135e-05, 1.4774e-05, 9.5017e-13,
         4.9405e-02, 2.5518e-08, 1.9027e-05, 3.8692e-08],
        [5.4679e-10, 5.2336e-04, 9.8807e-01, 1.7264e-05, 9.9983e-06, 5.0077e-13,
         1.1354e-02, 1.2899e-08, 2.7041e-05, 6.3137e-08]], device='cuda:0')[0m
[0;30m[2020-11-30 16:09:19] [INFO] fpn epoch : 10, train acc : 0.46967393159866333, test acc : 0.4488908350467682[0m
[0;30m[2020-11-30 16:09:19] [INFO] tensor([[3.0807e-10, 7.3417e-03, 9.5987e-01, 9.8178e-06, 5.3568e-06, 1.2474e-13,
         3.2751e-02, 2.3357e-08, 2.0646e-05, 6.6330e-08],
        [1.5722e-10, 2.3192e-04, 9.8378e-01, 5.5542e-06, 2.9827e-06, 9.7804e-14,
         1.5971e-02, 4.3501e-09, 8.3769e-06, 1.6812e-08],
        [2.5889e-10, 4.2447e-03, 9.7334e-01, 1.0173e-05, 5.8738e-06, 1.5562e-13,
         2.2349e-02, 3.6962e-08, 4.6386e-05, 1.5570e-07],
        [1.3216e-09, 3.0348e-03, 9.2995e-01, 1.9772e-05, 1.2938e-05, 5.0130e-13,
         6.6969e-02, 2.6931e-08, 1.3516e-05, 2.7799e-08],
        [3.8345e-10, 5.6939e-04, 9.8443e-01, 1.4094e-05, 8.2697e-06, 2.4489e-13,
         1.4961e-02, 1.1207e-08, 1.7326e-05, 4.1524e-08]], device='cuda:0')[0m
[0;30m[2020-11-30 16:09:19] [INFO] fpn epoch : 11, train acc : 0.47423914074897766, test acc : 0.45976513624191284[0m
[0;30m[2020-11-30 16:09:20] [INFO] tensor([[2.3214e-10, 4.7656e-03, 9.3591e-01, 8.3436e-06, 4.6653e-06, 7.6279e-14,
         5.9298e-02, 1.5000e-08, 1.3616e-05, 3.5263e-08],
        [1.0387e-10, 1.2854e-04, 9.7431e-01, 4.0998e-06, 2.2392e-06, 5.1847e-14,
         2.5546e-02, 2.4479e-09, 5.0907e-06, 7.8322e-09],
        [1.7998e-10, 2.9889e-03, 9.5825e-01, 7.8097e-06, 4.6853e-06, 8.5810e-14,
         3.8716e-02, 2.2794e-08, 2.9143e-05, 8.1410e-08],
        [1.0951e-09, 2.4289e-03, 8.5850e-01, 1.7147e-05, 1.1644e-05, 3.4400e-13,
         1.3903e-01, 2.0862e-08, 9.9514e-06, 1.4499e-08],
        [2.7845e-10, 3.8749e-04, 9.7064e-01, 1.1796e-05, 7.0342e-06, 1.4740e-13,
         2.8942e-02, 7.4730e-09, 1.2021e-05, 2.1295e-08]], device='cuda:0')[0m
[0;30m[2020-11-30 16:09:20] [INFO] fpn epoch : 12, train acc : 0.47858697175979614, test acc : 0.4654197692871094[0m
[0;30m[2020-11-30 16:09:21] [INFO] tensor([[9.4037e-11, 3.8659e-03, 9.1771e-01, 5.6744e-06, 3.1237e-06, 1.8714e-14,
         7.8407e-02, 1.0902e-08, 8.2078e-06, 1.8320e-08],
        [3.3502e-11, 6.6372e-05, 9.7694e-01, 2.2920e-06, 1.1889e-06, 1.0973e-14,
         2.2991e-02, 1.3281e-09, 2.4305e-06, 3.2533e-09],
        [6.0868e-11, 1.8809e-03, 9.6025e-01, 4.5062e-06, 2.5726e-06, 1.8415e-14,
         3.7847e-02, 1.3771e-08, 1.4601e-05, 3.7777e-08],
        [4.1947e-10, 1.8244e-03, 8.5318e-01, 1.1030e-05, 7.2675e-06, 8.8670e-14,
         1.4498e-01, 1.5206e-08, 5.5553e-06, 6.7733e-09],
        [9.4118e-11, 2.3599e-04, 9.6983e-01, 7.2525e-06, 4.1052e-06, 3.3609e-14,
         2.9913e-02, 4.6700e-09, 6.6170e-06, 9.9459e-09]], device='cuda:0')[0m
[0;30m[2020-11-30 16:09:21] [INFO] fpn epoch : 13, train acc : 0.479347825050354, test acc : 0.467159628868103[0m
[0;30m[2020-11-30 16:09:22] [INFO] tensor([[3.1658e-11, 2.8696e-03, 9.4122e-01, 3.2070e-06, 1.8004e-06, 4.6455e-15,
         5.5897e-02, 4.6264e-09, 4.4143e-06, 7.3872e-09],
        [1.1336e-11, 4.6234e-05, 9.8005e-01, 1.2685e-06, 6.6502e-07, 2.7999e-15,
         1.9898e-02, 5.4955e-10, 1.3427e-06, 1.3558e-09],
        [2.0631e-11, 1.6036e-03, 9.6236e-01, 2.5556e-06, 1.4717e-06, 4.6491e-15,
         3.6027e-02, 6.3229e-09, 8.5272e-06, 1.7513e-08],
        [1.7858e-10, 1.9079e-03, 8.8396e-01, 7.6688e-06, 5.1600e-06, 3.1009e-14,
         1.1412e-01, 9.3056e-09, 3.8601e-06, 3.3508e-09],
        [3.4727e-11, 2.2435e-04, 9.7477e-01, 4.5554e-06, 2.5956e-06, 9.6584e-15,
         2.4997e-02, 2.4202e-09, 4.3041e-06, 4.9821e-09]], device='cuda:0')[0m
[0;30m[2020-11-30 16:09:22] [INFO] fpn epoch : 14, train acc : 0.48608696460723877, test acc : 0.46802958846092224[0m
[0;30m[2020-11-30 16:09:22] [INFO] tensor([[1.0772e-11, 2.2321e-03, 9.1392e-01, 2.2576e-06, 1.2321e-06, 1.4396e-15,
         8.3838e-02, 2.6741e-09, 2.9535e-06, 4.2557e-09],
        [3.0002e-12, 2.8449e-05, 9.7853e-01, 6.6670e-07, 3.4427e-07, 6.6261e-16,
         2.1440e-02, 2.1205e-10, 6.7059e-07, 5.6910e-10],
        [4.9255e-12, 1.0874e-03, 9.5822e-01, 1.2099e-06, 6.7690e-07, 9.5809e-16,
         4.0682e-02, 2.5181e-09, 4.1276e-06, 7.5353e-09],
        [5.9410e-11, 1.3648e-03, 8.3348e-01, 4.9420e-06, 3.3182e-06, 1.0355e-14,
         1.6514e-01, 6.2187e-09, 2.6012e-06, 1.6944e-09],
        [1.1054e-11, 1.7906e-04, 9.6371e-01, 2.9703e-06, 1.6211e-06, 2.9292e-15,
         3.6108e-02, 1.3527e-09, 2.9792e-06, 2.6380e-09]], device='cuda:0')[0m
[0;30m[2020-11-30 16:09:22] [INFO] fpn epoch : 15, train acc : 0.4906521737575531, test acc : 0.46846455335617065[0m
[0;30m[2020-11-30 16:09:23] [INFO] tensor([[3.4952e-12, 2.5699e-03, 9.4653e-01, 1.2874e-06, 6.7554e-07, 3.4676e-16,
         5.0894e-02, 1.1211e-09, 1.5249e-06, 1.8823e-09],
        [8.2379e-13, 2.7237e-05, 9.8632e-01, 3.1301e-07, 1.6153e-07, 1.3554e-16,
         1.3657e-02, 7.7939e-11, 3.1607e-07, 2.0529e-10],
        [1.3389e-12, 1.2106e-03, 9.7081e-01, 5.4326e-07, 3.0207e-07, 1.8740e-16,
         2.7981e-02, 9.6287e-10, 1.9566e-06, 3.0027e-09],
        [2.2938e-11, 1.6950e-03, 8.9003e-01, 3.0607e-06, 2.0884e-06, 3.2124e-15,
         1.0827e-01, 3.4186e-09, 1.7061e-06, 7.8057e-10],
        [3.9162e-12, 2.3064e-04, 9.7274e-01, 1.7489e-06, 9.5127e-07, 8.1823e-16,
         2.7028e-02, 6.8733e-10, 1.8885e-06, 1.2660e-09]], device='cuda:0')[0m
[0;30m[2020-11-30 16:09:23] [INFO] fpn epoch : 16, train acc : 0.4893478453159332, test acc : 0.47237929701805115[0m
[0;30m[2020-11-30 16:09:24] [INFO] tensor([[1.7591e-12, 2.5339e-03, 9.2516e-01, 9.8991e-07, 5.3346e-07, 1.1582e-16,
         7.2307e-02, 8.2460e-10, 1.1365e-06, 1.3713e-09],
        [3.6864e-13, 2.3635e-05, 9.8173e-01, 2.0280e-07, 1.0905e-07, 4.1146e-17,
         1.8242e-02, 4.4972e-11, 2.0685e-07, 1.2156e-10],
        [5.1535e-13, 1.0801e-03, 9.6433e-01, 3.0177e-07, 1.7219e-07, 4.6642e-17,
         3.4584e-02, 5.2856e-10, 1.1371e-06, 1.6997e-09],
        [1.1724e-11, 1.8865e-03, 8.4273e-01, 2.2236e-06, 1.5506e-06, 1.1603e-15,
         1.5538e-01, 3.0538e-09, 1.3112e-06, 5.1466e-10],
        [1.7123e-12, 2.0562e-04, 9.6027e-01, 1.1424e-06, 6.3927e-07, 2.4687e-16,
         3.9519e-02, 4.4106e-10, 1.2852e-06, 8.1262e-10]], device='cuda:0')[0m
[0;30m[2020-11-30 16:09:24] [INFO] fpn epoch : 17, train acc : 0.49978262186050415, test acc : 0.4736842215061188[0m
[0;30m[2020-11-30 16:09:25] [INFO] tensor([[4.7496e-13, 2.3499e-03, 9.4612e-01, 5.1673e-07, 2.4112e-07, 2.6352e-17,
         5.1534e-02, 2.9810e-10, 4.6352e-07, 4.5030e-10],
        [1.1334e-13, 2.8511e-05, 9.8440e-01, 1.1630e-07, 5.5141e-08, 1.0257e-17,
         1.5575e-02, 1.8013e-11, 1.0094e-07, 4.2423e-11],
        [1.3039e-13, 1.2380e-03, 9.6990e-01, 1.3721e-07, 7.0858e-08, 9.4001e-18,
         2.8860e-02, 1.6612e-10, 4.5377e-07, 5.3392e-10],
        [4.2891e-12, 2.4762e-03, 8.7300e-01, 1.4323e-06, 9.3394e-07, 3.6835e-16,
         1.2452e-01, 1.5716e-09, 7.9385e-07, 2.0648e-10],
        [6.1529e-13, 2.9621e-04, 9.6217e-01, 7.5244e-07, 3.8197e-07, 7.8513e-17,
         3.7534e-02, 2.0607e-10, 7.5151e-07, 3.4558e-10]], device='cuda:0')[0m
[0;30m[2020-11-30 16:09:25] [INFO] fpn epoch : 18, train acc : 0.4991304576396942, test acc : 0.4754241108894348[0m
[0;30m[2020-11-30 16:09:25] [INFO] tensor([[2.3372e-13, 4.4174e-03, 8.9737e-01, 3.9404e-07, 1.8332e-07, 7.1666e-18,
         9.8213e-02, 1.9439e-10, 3.4902e-07, 3.3456e-10],
        [5.1594e-14, 4.0229e-05, 9.7403e-01, 7.7639e-08, 3.8203e-08, 2.5594e-18,
         2.5929e-02, 9.5018e-12, 7.1719e-08, 2.7019e-11],
        [4.8425e-14, 1.6882e-03, 9.5847e-01, 7.5527e-08, 3.9228e-08, 1.8591e-18,
         3.9841e-02, 7.6758e-11, 2.7234e-07, 3.0358e-10],
        [2.0187e-12, 5.3831e-03, 8.0834e-01, 9.8908e-07, 6.7252e-07, 9.9253e-17,
         1.8627e-01, 1.3163e-09, 6.4652e-07, 1.3856e-10],
        [2.6138e-13, 3.9422e-04, 9.4729e-01, 4.9099e-07, 2.5233e-07, 1.7965e-17,
         5.2313e-02, 1.0971e-10, 5.6292e-07, 2.1885e-10]], device='cuda:0')[0m
[0;30m[2020-11-30 16:09:25] [INFO] fpn epoch : 19, train acc : 0.5047826170921326, test acc : 0.4832535982131958[0m
[0;30m[2020-11-30 16:09:26] [INFO] tensor([[9.6190e-14, 3.0409e-03, 9.2150e-01, 2.4539e-07, 1.0089e-07, 2.0008e-18,
         7.5460e-02, 6.1157e-11, 8.9440e-08, 6.6210e-11],
        [2.1885e-14, 4.8827e-05, 9.7628e-01, 4.6541e-08, 2.0276e-08, 6.9178e-19,
         2.3669e-02, 4.0997e-12, 2.6018e-08, 6.5023e-12],
        [1.5808e-14, 1.8400e-03, 9.6426e-01, 3.5009e-08, 1.6608e-08, 3.7208e-19,
         3.3903e-02, 2.4400e-11, 8.1667e-08, 6.1146e-11],
        [9.4451e-13, 5.5609e-03, 8.3786e-01, 6.6817e-07, 4.2110e-07, 3.1252e-17,
         1.5658e-01, 5.9671e-10, 2.2557e-07, 3.2084e-11],
        [1.1932e-13, 4.8656e-04, 9.5340e-01, 3.3115e-07, 1.5592e-07, 5.6604e-18,
         4.6117e-02, 4.9609e-11, 2.2505e-07, 6.1578e-11]], device='cuda:0')[0m
[0;30m[2020-11-30 16:09:26] [INFO] fpn epoch : 20, train acc : 0.5052173733711243, test acc : 0.48064377903938293[0m
[0;30m[2020-11-30 16:09:27] [INFO] tensor([[3.1102e-14, 9.3435e-03, 8.5521e-01, 1.5007e-07, 6.1000e-08, 4.7328e-19,
         1.3545e-01, 1.7716e-11, 5.4856e-08, 3.5036e-11],
        [6.9855e-15, 9.4771e-05, 9.6275e-01, 2.4939e-08, 1.0839e-08, 1.5201e-19,
         3.7155e-02, 1.0699e-12, 1.5367e-08, 3.0398e-12],
        [4.1131e-15, 3.2203e-03, 9.5051e-01, 1.5376e-08, 7.2404e-09, 6.5156e-20,
         4.6274e-02, 5.0917e-12, 4.0914e-08, 2.3720e-11],
        [2.9608e-13, 1.0056e-02, 7.6722e-01, 3.6312e-07, 2.2223e-07, 7.1075e-18,
         2.2272e-01, 1.8263e-10, 1.3289e-07, 1.3484e-11],
        [4.0033e-14, 8.0142e-04, 9.3138e-01, 1.9842e-07, 9.0176e-08, 1.3215e-18,
         6.7820e-02, 1.2908e-11, 1.4321e-07, 2.8081e-11]], device='cuda:0')[0m
[0;30m[2020-11-30 16:09:27] [INFO] fpn epoch : 21, train acc : 0.5056521892547607, test acc : 0.4845585227012634[0m
[0;30m[2020-11-30 16:09:28] [INFO] tensor([[1.1198e-14, 2.8159e-03, 8.4937e-01, 9.1287e-08, 3.2003e-08, 1.5205e-19,
         1.4781e-01, 2.7491e-12, 1.2931e-08, 4.5608e-12],
        [2.7736e-15, 1.2030e-04, 9.5688e-01, 1.5268e-08, 5.9081e-09, 4.4266e-20,
         4.2999e-02, 3.1409e-13, 5.1318e-09, 6.6332e-13],
        [1.1739e-15, 2.4239e-03, 9.5577e-01, 6.5027e-09, 2.8906e-09, 1.3024e-20,
         4.1802e-02, 9.2513e-13, 1.1038e-08, 3.8587e-12],
        [1.2388e-13, 8.2876e-03, 7.0895e-01, 2.3095e-07, 1.2475e-07, 2.1435e-18,
         2.8276e-01, 4.7282e-11, 4.1065e-08, 3.0631e-12],
        [1.9358e-14, 9.6671e-04, 9.1701e-01, 1.5290e-07, 6.1922e-08, 4.7952e-19,
         8.2021e-02, 3.9463e-12, 5.9685e-08, 8.2813e-12]], device='cuda:0')[0m
[0;30m[2020-11-30 16:09:28] [INFO] fpn epoch : 22, train acc : 0.512499988079071, test acc : 0.491953045129776[0m
[0;30m[2020-11-30 16:09:29] [INFO] tensor([[6.1480e-15, 9.5475e-03, 8.4286e-01, 6.0479e-08, 2.1966e-08, 4.8658e-20,
         1.4759e-01, 1.9798e-12, 1.0779e-08, 1.4947e-12],
        [1.8305e-15, 3.1461e-04, 9.3471e-01, 1.0348e-08, 4.2293e-09, 1.7172e-20,
         6.4979e-02, 2.9325e-13, 4.2379e-09, 2.1442e-13],
        [5.4718e-16, 6.2428e-03, 9.5462e-01, 3.2488e-09, 1.5272e-09, 3.1066e-21,
         3.9134e-02, 5.6006e-13, 6.6908e-09, 9.3479e-13],
        [6.1099e-14, 2.3172e-02, 7.1038e-01, 1.2343e-07, 6.7210e-08, 6.5411e-19,
         2.6644e-01, 3.2757e-11, 2.7829e-08, 8.7724e-13],
        [1.0872e-14, 2.7812e-03, 9.1240e-01, 9.3382e-08, 3.8587e-08, 1.6153e-19,
         8.4814e-02, 2.7125e-12, 4.4244e-08, 2.6525e-12]], device='cuda:0')[0m
[0;30m[2020-11-30 16:09:29] [INFO] fpn epoch : 23, train acc : 0.5109782814979553, test acc : 0.48890823125839233[0m
[0;30m[2020-11-30 16:09:29] [INFO] tensor([[1.2807e-15, 1.0868e-02, 7.5923e-01, 2.3838e-08, 9.4879e-09, 4.5053e-21,
         2.2990e-01, 1.6743e-13, 3.9924e-09, 1.5922e-13],
        [3.5149e-16, 3.3792e-04, 8.6666e-01, 3.0647e-09, 1.3190e-09, 1.1207e-21,
         1.3300e-01, 2.4123e-14, 1.3067e-09, 1.9650e-14],
        [8.3456e-17, 6.1595e-03, 9.0355e-01, 7.7553e-10, 4.0405e-10, 1.6992e-22,
         9.0288e-02, 3.9941e-14, 1.7892e-09, 8.8082e-14],
        [8.6054e-15, 2.0449e-02, 5.4652e-01, 2.8907e-08, 1.6107e-08, 3.5324e-20,
         4.3303e-01, 2.2964e-12, 7.2016e-09, 7.0596e-14],
        [2.0302e-15, 2.5835e-03, 8.5416e-01, 2.7745e-08, 1.2673e-08, 1.1901e-20,
         1.4325e-01, 1.8534e-13, 1.4937e-08, 2.8723e-13]], device='cuda:0')[0m
[0;30m[2020-11-30 16:09:29] [INFO] fpn epoch : 24, train acc : 0.542391300201416, test acc : 0.5119617581367493[0m
[0;30m[2020-11-30 16:09:30] [INFO] tensor([[3.1264e-17, 7.4479e-03, 6.6180e-01, 4.8985e-09, 1.3332e-09, 4.9229e-23,
         3.3075e-01, 1.4011e-15, 3.4230e-10, 4.0630e-15],
        [1.2888e-17, 8.2469e-05, 8.2429e-01, 7.9124e-10, 2.4281e-10, 1.8847e-23,
         1.7563e-01, 1.6271e-16, 1.0997e-10, 4.0387e-16],
        [2.0463e-18, 1.6556e-03, 8.8008e-01, 1.4467e-10, 5.1705e-11, 1.6640e-24,
         1.1826e-01, 2.1563e-16, 1.3073e-10, 1.8535e-15],
        [2.7957e-16, 2.0958e-03, 4.0775e-01, 6.2941e-09, 2.4592e-09, 5.9460e-22,
         5.9015e-01, 1.7075e-14, 5.3325e-10, 1.3578e-15],
        [7.7414e-17, 3.3601e-04, 8.0390e-01, 8.4311e-09, 2.5624e-09, 2.6051e-22,
         1.9576e-01, 1.5446e-15, 1.4404e-09, 7.6177e-15]], device='cuda:0')[0m
[0;30m[2020-11-30 16:09:30] [INFO] fpn epoch : 25, train acc : 0.5859782695770264, test acc : 0.5554589033126831[0m
[0;30m[2020-11-30 16:09:31] [INFO] tensor([[2.1052e-18, 1.2998e-03, 6.7893e-01, 1.3720e-09, 3.5380e-10, 6.8281e-25,
         3.1977e-01, 8.8041e-16, 9.1978e-11, 4.7765e-16],
        [1.2409e-18, 1.8720e-05, 8.5193e-01, 2.2412e-10, 6.4026e-11, 3.0145e-25,
         1.4805e-01, 9.5100e-17, 3.3688e-11, 3.6223e-17],
        [1.2018e-19, 4.4209e-04, 8.9061e-01, 2.4656e-11, 8.6101e-12, 1.4548e-26,
         1.0895e-01, 8.7172e-17, 2.7254e-11, 1.6166e-16],
        [2.6114e-17, 4.2652e-04, 4.5337e-01, 2.0109e-09, 7.1552e-10, 1.1525e-23,
         5.4621e-01, 1.3487e-14, 2.0016e-10, 1.7232e-16],
        [7.3682e-18, 1.2821e-04, 8.2586e-01, 2.6954e-09, 8.0548e-10, 4.8398e-24,
         1.7401e-01, 1.0492e-15, 5.9179e-10, 1.0470e-15]], device='cuda:0')[0m
[0;30m[2020-11-30 16:09:31] [INFO] fpn epoch : 26, train acc : 0.6144565343856812, test acc : 0.5837320685386658[0m
[0;30m[2020-11-30 16:09:32] [INFO] tensor([[2.1001e-19, 5.5593e-04, 6.0556e-01, 4.0208e-10, 9.4033e-11, 4.2640e-26,
         3.9388e-01, 1.1536e-16, 3.6842e-11, 1.3087e-16],
        [1.5701e-19, 5.9830e-06, 8.2054e-01, 6.2090e-11, 1.8004e-11, 1.6419e-26,
         1.7945e-01, 6.4886e-18, 7.7843e-12, 5.3252e-18],
        [1.2291e-20, 1.8340e-04, 9.0244e-01, 6.7639e-12, 2.3867e-12, 6.0153e-28,
         9.7374e-02, 6.5616e-18, 6.0535e-12, 2.3943e-17],
        [2.3351e-18, 5.9730e-05, 3.8878e-01, 5.2004e-10, 1.6690e-10, 7.4370e-25,
         6.1116e-01, 9.9287e-16, 4.7897e-11, 2.5709e-17],
        [8.7990e-19, 2.8152e-05, 8.1117e-01, 9.2549e-10, 2.7306e-10, 3.1781e-25,
         1.8880e-01, 7.1896e-17, 1.6646e-10, 1.7650e-16]], device='cuda:0')[0m
[0;30m[2020-11-30 16:09:32] [INFO] fpn epoch : 27, train acc : 0.6235869526863098, test acc : 0.5798172950744629[0m
[0;30m[2020-11-30 16:09:32] [INFO] tensor([[2.7318e-20, 6.0095e-04, 6.4183e-01, 2.0655e-10, 3.8425e-11, 1.3891e-26,
         3.5757e-01, 6.1355e-17, 5.9476e-12, 2.3139e-17],
        [3.7958e-20, 9.4994e-06, 8.1719e-01, 4.2966e-11, 9.8455e-12, 5.7838e-27,
         1.8280e-01, 4.5017e-18, 2.5619e-12, 1.3304e-18],
        [2.4092e-21, 3.2807e-04, 8.9787e-01, 3.8908e-12, 1.2082e-12, 1.5904e-28,
         1.0180e-01, 3.7095e-18, 1.6208e-12, 4.8799e-18],
        [4.6092e-19, 2.6162e-04, 4.4342e-01, 3.3050e-10, 9.2059e-11, 2.6403e-25,
         5.5632e-01, 8.4414e-16, 2.0554e-11, 8.8089e-18],
        [1.9978e-19, 8.1438e-05, 7.9619e-01, 6.4657e-10, 1.6182e-10, 1.2440e-25,
         2.0373e-01, 5.3964e-17, 7.8713e-11, 6.0581e-17]], device='cuda:0')[0m
[0;30m[2020-11-30 16:09:32] [INFO] fpn epoch : 28, train acc : 0.6315217614173889, test acc : 0.5959112644195557[0m
[0;30m[2020-11-30 16:09:33] [INFO] tensor([[5.3789e-21, 6.2952e-04, 6.4913e-01, 7.7862e-11, 1.2838e-11, 1.1862e-27,
         3.5024e-01, 4.7406e-18, 8.6190e-13, 3.5700e-18],
        [8.5164e-21, 2.2916e-05, 8.2464e-01, 2.1242e-11, 3.9762e-12, 5.0255e-28,
         1.7533e-01, 5.5885e-19, 6.3105e-13, 2.9803e-19],
        [4.5640e-22, 4.1773e-04, 9.0850e-01, 1.5827e-12, 4.0355e-13, 1.4214e-29,
         9.1085e-02, 4.0333e-19, 2.9671e-13, 7.1713e-19],
        [9.3243e-20, 1.1814e-03, 4.3002e-01, 1.2805e-10, 3.0444e-11, 1.8980e-26,
         5.6880e-01, 1.0237e-16, 5.5542e-12, 2.8150e-18],
        [4.3382e-20, 1.3525e-04, 8.2728e-01, 3.3305e-10, 6.4278e-11, 1.2755e-26,
         1.7259e-01, 6.7341e-18, 2.1072e-11, 1.4642e-17]], device='cuda:0')[0m
[0;30m[2020-11-30 16:09:33] [INFO] fpn epoch : 29, train acc : 0.6441304683685303, test acc : 0.6072205305099487[0m
[0;30m[2020-11-30 16:09:34] [INFO] tensor([[1.4046e-21, 1.9192e-03, 6.3229e-01, 3.7506e-11, 5.7330e-12, 2.4450e-28,
         3.6579e-01, 2.1271e-18, 2.4552e-13, 1.2848e-18],
        [2.0083e-21, 2.3053e-05, 8.3929e-01, 1.1493e-11, 2.0071e-12, 1.0061e-28,
         1.6069e-01, 3.2055e-19, 1.7752e-13, 1.0315e-19],
        [8.3211e-23, 3.4537e-04, 8.5432e-01, 6.9279e-13, 1.5307e-13, 1.9312e-30,
         1.4534e-01, 1.9566e-19, 6.6010e-14, 1.5267e-19],
        [2.3742e-20, 1.8560e-03, 3.9246e-01, 6.8886e-11, 1.5044e-11, 4.5878e-27,
         6.0568e-01, 7.5812e-17, 2.0622e-12, 1.3243e-18],
        [1.2393e-20, 1.4072e-04, 8.2654e-01, 1.9522e-10, 3.4922e-11, 3.2516e-27,
         1.7332e-01, 5.0175e-18, 7.1686e-12, 5.2444e-18]], device='cuda:0')[0m
[0;30m[2020-11-30 16:09:34] [INFO] fpn epoch : 30, train acc : 0.6577174067497253, test acc : 0.621139645576477[0m
[0;30m[2020-11-30 16:09:35] [INFO] tensor([[5.0896e-22, 4.0943e-03, 6.7731e-01, 2.9618e-11, 4.1650e-12, 1.5081e-28,
         3.1860e-01, 5.8306e-19, 1.2972e-13, 2.9559e-19],
        [9.2691e-22, 1.0407e-04, 8.5998e-01, 8.9017e-12, 1.6529e-12, 6.8587e-29,
         1.3992e-01, 1.2051e-19, 1.1710e-13, 3.5189e-20],
        [3.1140e-23, 1.2587e-03, 9.0425e-01, 4.9141e-13, 1.0266e-13, 9.4039e-31,
         9.4486e-02, 8.0242e-20, 3.4757e-14, 4.9553e-20],
        [1.0161e-20, 2.4256e-03, 4.1288e-01, 5.7531e-11, 1.2214e-11, 3.3579e-27,
         5.8470e-01, 2.7468e-17, 1.0494e-12, 3.3093e-19],
        [5.1883e-21, 2.8139e-04, 8.7508e-01, 1.3921e-10, 2.5210e-11, 2.0130e-27,
         1.2464e-01, 2.1148e-18, 4.0427e-12, 1.3878e-18]], device='cuda:0')[0m
[0;30m[2020-11-30 16:09:35] [INFO] fpn epoch : 31, train acc : 0.6450000405311584, test acc : 0.6115702390670776[0m
[0;30m[2020-11-30 16:09:35] [INFO] tensor([[3.4761e-22, 2.0388e-03, 6.5193e-01, 1.5644e-11, 2.1947e-12, 3.2110e-29,
         3.4603e-01, 1.6176e-19, 5.5209e-14, 5.0067e-20],
        [7.8814e-22, 2.5740e-04, 8.7180e-01, 6.1432e-12, 1.1172e-12, 1.6759e-29,
         1.2794e-01, 1.9211e-20, 4.7211e-14, 8.6772e-21],
        [2.5413e-23, 1.8592e-03, 8.8546e-01, 3.2559e-13, 6.5673e-14, 1.8039e-31,
         1.1268e-01, 2.0604e-20, 1.2924e-14, 7.5711e-21],
        [7.0088e-21, 4.3884e-03, 3.5526e-01, 2.9187e-11, 6.2073e-12, 7.5283e-28,
         6.4035e-01, 7.8059e-18, 7.0111e-13, 8.4580e-20],
        [5.4186e-21, 4.6122e-04, 8.5151e-01, 1.1561e-10, 2.1166e-11, 6.1769e-28,
         1.4803e-01, 3.8238e-19, 2.6913e-12, 3.6462e-19]], device='cuda:0')[0m
[0;30m[2020-11-30 16:09:35] [INFO] fpn epoch : 32, train acc : 0.6561956405639648, test acc : 0.6185297966003418[0m
[0;30m[2020-11-30 16:09:36] [INFO] tensor([[7.9974e-22, 1.0245e-03, 7.3994e-01, 1.5034e-11, 2.3274e-12, 3.2312e-29,
         2.5903e-01, 8.2861e-20, 3.9339e-14, 1.5008e-20],
        [1.3761e-21, 2.9774e-04, 8.4881e-01, 5.5449e-12, 1.0290e-12, 1.5878e-29,
         1.5090e-01, 1.0185e-20, 3.1518e-14, 3.6034e-21],
        [3.6649e-23, 7.2826e-04, 8.6540e-01, 2.5308e-13, 4.9936e-14, 1.5055e-31,
         1.3387e-01, 6.5975e-21, 5.4030e-15, 1.7161e-21],
        [1.1351e-20, 2.3907e-03, 4.2265e-01, 1.8193e-11, 4.4198e-12, 6.0765e-28,
         5.7496e-01, 3.9054e-18, 3.2136e-13, 2.1456e-20],
        [9.4798e-21, 2.0409e-04, 8.9192e-01, 9.7569e-11, 1.7790e-11, 5.0076e-28,
         1.0788e-01, 1.6459e-19, 1.4511e-12, 9.7476e-20]], device='cuda:0')[0m
[0;30m[2020-11-30 16:09:36] [INFO] fpn epoch : 33, train acc : 0.653804361820221, test acc : 0.6172248721122742[0m
[0;30m[2020-11-30 16:09:37] [INFO] tensor([[1.1878e-21, 1.9484e-03, 6.9347e-01, 1.5193e-11, 2.6625e-12, 2.0513e-29,
         3.0458e-01, 2.1676e-21, 3.9810e-14, 2.3281e-21],
        [9.0218e-22, 1.5821e-04, 8.9803e-01, 3.4888e-12, 5.9229e-13, 8.0550e-30,
         1.0181e-01, 1.2941e-22, 1.7853e-14, 3.4746e-22],
        [3.3186e-23, 8.4142e-04, 8.6768e-01, 2.3940e-13, 4.7496e-14, 1.0691e-31,
         1.3148e-01, 1.3198e-22, 4.7794e-15, 2.3921e-22],
        [9.4729e-21, 8.8723e-04, 3.7186e-01, 1.2186e-11, 3.2023e-12, 3.7257e-28,
         6.2725e-01, 3.5055e-20, 1.7952e-13, 1.4295e-21],
        [7.6055e-21, 1.9635e-04, 8.6984e-01, 7.4543e-11, 1.3120e-11, 3.5505e-28,
         1.2996e-01, 1.8372e-21, 8.5337e-13, 9.5405e-21]], device='cuda:0')[0m
[0;30m[2020-11-30 16:09:37] [INFO] fpn epoch : 34, train acc : 0.6579347848892212, test acc : 0.6150500178337097[0m
[0;30m[2020-11-30 16:09:38] [INFO] tensor([[4.2019e-22, 1.3088e-02, 6.9519e-01, 9.6289e-12, 1.7976e-12, 1.2354e-30,
         2.9172e-01, 9.5945e-22, 5.6705e-14, 3.0278e-21],
        [3.7860e-22, 1.2279e-03, 8.9549e-01, 2.5096e-12, 4.5162e-13, 5.2907e-31,
         1.0328e-01, 9.7289e-23, 2.4516e-14, 5.0185e-22],
        [1.3763e-23, 4.8773e-03, 8.6759e-01, 1.5184e-13, 3.8549e-14, 5.9234e-33,
         1.2753e-01, 1.0311e-22, 7.6405e-15, 3.0835e-22],
        [4.3094e-21, 6.6965e-03, 3.1272e-01, 9.7390e-12, 2.6107e-12, 2.4545e-29,
         6.8058e-01, 3.0820e-20, 2.6685e-13, 1.9976e-21],
        [4.0498e-21, 1.8492e-03, 8.6931e-01, 5.4595e-11, 1.1433e-11, 2.4855e-29,
         1.2884e-01, 1.5075e-21, 1.4527e-12, 1.5337e-20]], device='cuda:0')[0m
[0;30m[2020-11-30 16:09:38] [INFO] fpn epoch : 35, train acc : 0.6519565582275391, test acc : 0.6193997263908386[0m
[0;30m[2020-11-30 16:09:38] [INFO] tensor([[3.2501e-22, 9.1466e-03, 6.6818e-01, 9.1504e-12, 1.5079e-12, 8.6677e-31,
         3.2267e-01, 5.2874e-22, 4.7153e-14, 1.7606e-21],
        [1.8444e-22, 3.5232e-04, 8.9025e-01, 1.7735e-12, 2.6952e-13, 2.4706e-31,
         1.0940e-01, 1.7754e-23, 1.2901e-14, 1.9536e-22],
        [5.9891e-24, 2.4537e-03, 8.5221e-01, 8.2253e-14, 1.9235e-14, 2.3890e-33,
         1.4534e-01, 2.0180e-23, 3.6071e-15, 9.8029e-23],
        [2.1305e-21, 7.5852e-03, 2.6682e-01, 5.8087e-12, 1.5318e-12, 1.5517e-29,
         7.2559e-01, 8.9049e-21, 1.6992e-13, 8.6439e-22],
        [1.8844e-21, 8.0271e-04, 8.4216e-01, 3.2947e-11, 6.9647e-12, 1.1469e-29,
         1.5704e-01, 3.9912e-22, 7.5283e-13, 7.0598e-21]], device='cuda:0')[0m
[0;30m[2020-11-30 16:09:38] [INFO] fpn epoch : 36, train acc : 0.6763043403625488, test acc : 0.6315789818763733[0m
[0;30m[2020-11-30 16:09:39] [INFO] tensor([[1.6415e-22, 2.1012e-03, 6.9711e-01, 4.7641e-12, 7.6057e-13, 2.2652e-31,
         3.0079e-01, 8.7878e-23, 1.4358e-14, 2.2359e-22],
        [1.6276e-22, 2.6497e-04, 8.8119e-01, 1.1797e-12, 2.0342e-13, 9.9521e-32,
         1.1854e-01, 1.1376e-23, 7.4930e-15, 6.1289e-23],
        [4.6615e-24, 1.2066e-03, 8.1256e-01, 5.4788e-14, 1.4336e-14, 1.1798e-33,
         1.8624e-01, 6.5844e-24, 1.6010e-15, 2.2906e-23],
        [1.2952e-21, 2.3331e-03, 2.6000e-01, 2.6454e-12, 7.1381e-13, 3.7258e-30,
         7.3767e-01, 1.8864e-21, 3.8972e-14, 1.0440e-22],
        [1.5296e-21, 4.0153e-04, 8.3531e-01, 2.0189e-11, 4.6708e-12, 4.4777e-30,
         1.6429e-01, 1.3692e-22, 3.1147e-13, 1.5873e-21]], device='cuda:0')[0m
[0;30m[2020-11-30 16:09:39] [INFO] fpn epoch : 37, train acc : 0.6822826266288757, test acc : 0.6337538361549377[0m
[0;30m[2020-11-30 16:09:40] [INFO] tensor([[4.7262e-23, 4.6810e-03, 7.2486e-01, 2.6038e-12, 4.4538e-13, 1.8229e-32,
         2.7045e-01, 1.5679e-22, 1.3118e-14, 1.7860e-22],
        [4.0599e-23, 4.1300e-04, 8.9173e-01, 6.4829e-13, 1.1801e-13, 7.3193e-33,
         1.0785e-01, 1.4931e-23, 7.5479e-15, 5.4957e-23],
        [1.0954e-24, 1.5430e-03, 7.6406e-01, 2.4716e-14, 7.0464e-15, 5.9027e-35,
         2.3440e-01, 9.5174e-24, 1.2882e-15, 1.4394e-23],
        [3.8586e-22, 1.8645e-03, 2.1961e-01, 1.4385e-12, 4.1003e-13, 3.1046e-31,
         7.7852e-01, 2.0997e-21, 3.3987e-14, 5.8302e-23],
        [3.7929e-22, 5.8149e-04, 8.3281e-01, 9.5175e-12, 2.3992e-12, 2.7990e-31,
         1.6661e-01, 1.3338e-22, 2.4226e-13, 9.9173e-22]], device='cuda:0')[0m
[0;30m[2020-11-30 16:09:40] [INFO] fpn epoch : 38, train acc : 0.6829348206520081, test acc : 0.6302740573883057[0m
[0;30m[2020-11-30 16:09:41] [INFO] tensor([[1.7888e-23, 4.2050e-03, 7.5697e-01, 1.3586e-12, 1.6401e-13, 3.7446e-33,
         2.3883e-01, 2.4391e-23, 4.6432e-15, 1.2028e-23],
        [1.4867e-23, 3.4739e-04, 8.9704e-01, 3.5518e-13, 5.0984e-14, 1.7227e-33,
         1.0261e-01, 2.6312e-24, 2.1823e-15, 3.0081e-24],
        [3.5604e-25, 1.7267e-03, 8.1236e-01, 1.2125e-14, 2.8662e-15, 1.2649e-35,
         1.8592e-01, 1.5384e-24, 3.7196e-16, 7.6295e-25],
        [1.4113e-22, 1.2142e-03, 2.0820e-01, 7.8085e-13, 1.7204e-13, 8.5996e-32,
         7.9058e-01, 3.2023e-22, 8.9382e-15, 2.6942e-24],
        [1.4391e-22, 3.3298e-04, 8.4655e-01, 4.9689e-12, 1.1220e-12, 7.8143e-32,
         1.5311e-01, 2.1134e-23, 7.6339e-14, 6.0544e-23]], device='cuda:0')[0m
[0;30m[2020-11-30 16:09:41] [INFO] fpn epoch : 39, train acc : 0.6871739029884338, test acc : 0.6341887712478638[0m
[0;30m[2020-11-30 16:09:41] [INFO] tensor([[2.8258e-24, 4.2803e-03, 7.8140e-01, 7.6501e-13, 7.1812e-14, 8.3798e-34,
         2.1432e-01, 8.8983e-25, 7.6620e-16, 6.5181e-25],
        [2.4289e-24, 3.2221e-04, 8.9470e-01, 1.4989e-13, 1.8688e-14, 3.5962e-34,
         1.0498e-01, 1.1102e-25, 5.2511e-16, 2.0383e-25],
        [6.9054e-26, 1.6278e-03, 8.1977e-01, 5.8781e-15, 1.2010e-15, 2.9223e-36,
         1.7861e-01, 8.4586e-26, 1.1777e-16, 6.5872e-26],
        [3.3386e-23, 1.9720e-03, 1.9904e-01, 4.6409e-13, 8.5845e-14, 2.0574e-32,
         7.9899e-01, 1.6322e-23, 3.0740e-15, 2.3699e-25],
        [3.6388e-23, 4.6054e-04, 8.2572e-01, 2.9372e-12, 6.2794e-13, 2.1022e-32,
         1.7382e-01, 1.1998e-24, 2.6922e-14, 6.4141e-24]], device='cuda:0')[0m
[0;30m[2020-11-30 16:09:41] [INFO] fpn epoch : 40, train acc : 0.686956524848938, test acc : 0.6346237659454346[0m
[0;30m[2020-11-30 16:09:42] [INFO] tensor([[6.4149e-25, 1.4310e-03, 7.7933e-01, 4.5966e-13, 3.5580e-14, 1.1553e-34,
         2.1924e-01, 1.6937e-25, 3.5643e-16, 1.9225e-25],
        [5.4873e-25, 7.6443e-05, 9.0288e-01, 9.0061e-14, 1.0030e-14, 5.7279e-35,
         9.7042e-02, 3.3241e-26, 2.2554e-16, 5.0412e-26],
        [1.4263e-26, 4.6386e-04, 7.7710e-01, 2.9521e-15, 5.4848e-16, 4.6706e-37,
         2.2244e-01, 1.5364e-26, 4.1919e-17, 1.4756e-26],
        [7.4371e-24, 5.0318e-04, 1.9222e-01, 2.7161e-13, 4.2641e-14, 3.3358e-33,
         8.0728e-01, 3.7534e-24, 1.0765e-15, 5.7527e-26],
        [9.6436e-24, 1.4477e-04, 8.2506e-01, 1.9202e-12, 3.6029e-13, 4.4702e-33,
         1.7480e-01, 3.6546e-25, 1.1101e-14, 1.6704e-24]], device='cuda:0')[0m
[0;30m[2020-11-30 16:09:42] [INFO] fpn epoch : 41, train acc : 0.6908695697784424, test acc : 0.6376685500144958[0m
[0;30m[2020-11-30 16:09:43] [INFO] tensor([[1.7029e-25, 1.0067e-03, 7.7389e-01, 3.5724e-13, 3.0007e-14, 2.3217e-35,
         2.2510e-01, 5.7646e-26, 2.1434e-16, 1.4972e-25],
        [1.3284e-25, 5.7620e-05, 9.0850e-01, 7.2568e-14, 8.1462e-15, 1.4603e-35,
         9.1445e-02, 8.6293e-27, 1.9720e-16, 5.2674e-26],
        [3.4504e-27, 3.0634e-04, 7.8994e-01, 1.8146e-15, 3.6689e-16, 1.0010e-37,
         2.0975e-01, 3.9636e-27, 3.2537e-17, 1.2230e-26],
        [2.5319e-24, 2.3363e-04, 1.7856e-01, 2.3169e-13, 4.5096e-14, 9.0732e-34,
         8.2120e-01, 1.1663e-24, 1.2623e-15, 4.9555e-26],
        [2.8295e-24, 7.0828e-05, 8.2908e-01, 1.2167e-12, 2.8545e-13, 1.0639e-33,
         1.7085e-01, 7.4544e-26, 1.1448e-14, 1.5924e-24]], device='cuda:0')[0m
[0;30m[2020-11-30 16:09:43] [INFO] fpn epoch : 42, train acc : 0.6943478584289551, test acc : 0.6341887712478638[0m
[0;30m[2020-11-30 16:09:44] [INFO] tensor([[3.2783e-26, 7.0564e-04, 7.6995e-01, 1.8771e-13, 1.2136e-14, 7.9273e-37,
         2.2934e-01, 3.5497e-27, 4.4837e-17, 7.3778e-26],
        [4.1805e-26, 5.4943e-05, 8.9559e-01, 7.1142e-14, 5.9235e-15, 1.0498e-36,
         1.0435e-01, 9.9395e-28, 1.2418e-16, 4.7312e-26],
        [8.6005e-28, 3.8867e-04, 7.8284e-01, 1.1694e-15, 1.8138e-16, 5.3683e-39,
         2.1678e-01, 4.7803e-28, 1.2035e-17, 7.5237e-27],
        [7.5860e-25, 1.9805e-04, 1.8339e-01, 2.0094e-13, 2.9464e-14, 6.9658e-35,
         8.1642e-01, 1.3474e-25, 6.8607e-16, 3.7926e-26],
        [9.0272e-25, 4.6332e-05, 8.2227e-01, 1.0515e-12, 1.8114e-13, 8.0086e-35,
         1.7768e-01, 7.2861e-27, 5.6077e-15, 1.0523e-24]], device='cuda:0')[0m
[0;30m[2020-11-30 16:09:44] [INFO] fpn epoch : 43, train acc : 0.7008695602416992, test acc : 0.6333188414573669[0m
[0;30m[2020-11-30 16:09:44] [INFO] tensor([[9.7690e-27, 4.3061e-05, 7.3073e-01, 9.2284e-14, 5.0031e-15, 2.5271e-37,
         2.6923e-01, 1.8465e-28, 6.9222e-18, 1.0438e-26],
        [2.8114e-26, 5.1004e-06, 8.9537e-01, 4.5221e-14, 4.3424e-15, 5.7433e-37,
         1.0462e-01, 7.1178e-29, 3.0414e-17, 9.0240e-27],
        [5.3023e-28, 7.8364e-05, 7.7809e-01, 6.5159e-16, 1.2971e-16, 2.6935e-39,
         2.2184e-01, 2.1985e-29, 3.3402e-18, 1.4191e-27],
        [4.3974e-25, 1.4667e-05, 1.6636e-01, 1.0121e-13, 1.6739e-14, 2.7275e-35,
         8.3362e-01, 1.0387e-26, 1.8559e-16, 7.5979e-27],
        [7.2867e-25, 7.0810e-06, 8.2310e-01, 4.5941e-13, 1.3222e-13, 3.9304e-35,
         1.7689e-01, 6.3092e-28, 2.0766e-15, 2.2429e-25]], device='cuda:0')[0m
[0;30m[2020-11-30 16:09:44] [INFO] fpn epoch : 44, train acc : 0.6770652532577515, test acc : 0.609830379486084[0m
[0;30m[2020-11-30 16:09:45] [INFO] tensor([[2.9110e-26, 2.0392e-03, 7.0575e-01, 1.6016e-13, 8.1011e-15, 1.7657e-37,
         2.9221e-01, 4.6985e-28, 1.6372e-17, 2.2059e-26],
        [9.7889e-26, 1.5915e-04, 8.5109e-01, 5.8518e-14, 6.8751e-15, 2.7159e-37,
         1.4876e-01, 1.6432e-28, 5.5536e-17, 1.5267e-26],
        [1.1614e-27, 8.6441e-04, 7.4827e-01, 6.5921e-16, 1.3941e-16, 9.5904e-40,
         2.5086e-01, 2.2039e-29, 3.5117e-18, 1.3922e-27],
        [9.6875e-25, 8.2369e-04, 1.6179e-01, 8.5642e-14, 1.8762e-14, 8.6135e-36,
         8.3739e-01, 2.0253e-26, 1.8641e-16, 1.0350e-26],
        [1.9773e-24, 1.7399e-04, 8.0601e-01, 4.3212e-13, 1.5104e-13, 1.5801e-35,
         1.9382e-01, 7.6743e-28, 2.6647e-15, 2.8168e-25]], device='cuda:0')[0m
[0;30m[2020-11-30 16:09:45] [INFO] fpn epoch : 45, train acc : 0.7069565653800964, test acc : 0.6420182585716248[0m
[0;30m[2020-11-30 16:09:46] [INFO] tensor([[7.0500e-27, 5.1987e-03, 7.7831e-01, 8.5479e-14, 4.8026e-15, 7.7567e-39,
         2.1649e-01, 3.7330e-27, 2.6220e-17, 5.3545e-26],
        [2.6005e-26, 2.1731e-04, 8.4581e-01, 4.4026e-14, 5.6040e-15, 1.5719e-38,
         1.5397e-01, 2.1581e-27, 1.3001e-16, 4.1708e-26],
