[0;30m[2020-11-30 16:14:05] [INFO] dataset : esr[0m
[0;30m[2020-11-30 16:14:05] [INFO] prototype number : 10[0m
[0;30m[2020-11-30 16:14:05] [INFO] batch_size : 3000[0m
[0;30m[2020-11-30 16:14:05] [INFO] epoch_size : 100[0m
[0;34m[2020-11-30 16:14:08] [DEBUG] =====starting on ['esr']=======[0m
[0;32m[2020-11-30 16:14:08] [WARNING] =====Mission: Classification=======[0m
[0;32m[2020-11-30 16:14:08] [WARNING] =====k_fold: 1=======[0m
[0;30m[2020-11-30 16:14:15] [INFO] Training acc of traditional FNN: 0.39978262782096863[0m
[0;30m[2020-11-30 16:14:15] [INFO] Test acc of test traditional FNN: 0.3518921434879303[0m
[0;30m[2020-11-30 16:14:19] [INFO] tensor([[0.0999, 0.0999, 0.0999, 0.1000, 0.1000, 0.1003, 0.1001, 0.0998, 0.1000,
         0.1000],
        [0.0999, 0.0999, 0.0999, 0.1000, 0.1000, 0.1003, 0.1001, 0.0998, 0.1000,
         0.1000],
        [0.0999, 0.0999, 0.0999, 0.1000, 0.1000, 0.1003, 0.1001, 0.0998, 0.1000,
         0.1000],
        [0.0999, 0.0999, 0.0999, 0.1000, 0.1000, 0.1003, 0.1001, 0.0998, 0.1000,
         0.1000],
        [0.0999, 0.0999, 0.0999, 0.1000, 0.1000, 0.1003, 0.1001, 0.0998, 0.1000,
         0.1000]], device='cuda:0')[0m
[0;30m[2020-11-30 16:14:19] [INFO] fpn epoch : 1, train acc : 0.23163044452667236, test acc : 0.2205306738615036[0m
[0;30m[2020-11-30 16:14:22] [INFO] tensor([[0.0998, 0.0999, 0.1000, 0.1001, 0.1001, 0.1005, 0.1002, 0.0995, 0.1000,
         0.1001],
        [0.0998, 0.0999, 0.1000, 0.1001, 0.1001, 0.1005, 0.1002, 0.0995, 0.1000,
         0.1001],
        [0.0998, 0.0999, 0.1000, 0.1001, 0.1001, 0.1005, 0.1002, 0.0995, 0.1000,
         0.1001],
        [0.0998, 0.0999, 0.1000, 0.1001, 0.1001, 0.1005, 0.1002, 0.0995, 0.1000,
         0.1001],
        [0.0998, 0.0999, 0.1000, 0.1001, 0.1001, 0.1005, 0.1002, 0.0995, 0.1000,
         0.1001]], device='cuda:0')[0m
[0;30m[2020-11-30 16:14:22] [INFO] fpn epoch : 2, train acc : 0.23456522822380066, test acc : 0.2335798144340515[0m
[0;30m[2020-11-30 16:14:25] [INFO] tensor([[0.0997, 0.0998, 0.1000, 0.1001, 0.1001, 0.1007, 0.1003, 0.0991, 0.1000,
         0.1002],
        [0.0997, 0.0998, 0.1000, 0.1001, 0.1001, 0.1007, 0.1003, 0.0991, 0.1000,
         0.1002],
        [0.0997, 0.0998, 0.1000, 0.1001, 0.1001, 0.1007, 0.1003, 0.0991, 0.1000,
         0.1002],
        [0.0997, 0.0998, 0.1000, 0.1001, 0.1001, 0.1007, 0.1003, 0.0991, 0.1000,
         0.1002],
        [0.0997, 0.0998, 0.1000, 0.1001, 0.1001, 0.1007, 0.1003, 0.0991, 0.1000,
         0.1002]], device='cuda:0')[0m
[0;30m[2020-11-30 16:14:25] [INFO] fpn epoch : 3, train acc : 0.25021740794181824, test acc : 0.2461940050125122[0m
[0;30m[2020-11-30 16:14:29] [INFO] tensor([[0.0996, 0.0997, 0.1000, 0.1002, 0.1002, 0.1010, 0.1004, 0.0987, 0.1000,
         0.1003],
        [0.0996, 0.0997, 0.1000, 0.1002, 0.1002, 0.1010, 0.1004, 0.0987, 0.1000,
         0.1003],
        [0.0996, 0.0997, 0.1000, 0.1002, 0.1002, 0.1010, 0.1004, 0.0987, 0.1000,
         0.1003],
        [0.0996, 0.0997, 0.1000, 0.1002, 0.1002, 0.1010, 0.1004, 0.0987, 0.1000,
         0.1003],
        [0.0996, 0.0997, 0.1000, 0.1002, 0.1002, 0.1010, 0.1004, 0.0987, 0.1000,
         0.1003]], device='cuda:0')[0m
[0;30m[2020-11-30 16:14:29] [INFO] fpn epoch : 4, train acc : 0.2455434799194336, test acc : 0.24053937196731567[0m
[0;30m[2020-11-30 16:14:32] [INFO] tensor([[0.0994, 0.0995, 0.1000, 0.1003, 0.1003, 0.1013, 0.1006, 0.0981, 0.1000,
         0.1005],
        [0.0994, 0.0995, 0.1000, 0.1003, 0.1003, 0.1013, 0.1006, 0.0981, 0.1000,
         0.1005],
        [0.0994, 0.0995, 0.1000, 0.1003, 0.1003, 0.1013, 0.1006, 0.0981, 0.1000,
         0.1005],
        [0.0994, 0.0995, 0.1000, 0.1003, 0.1003, 0.1014, 0.1006, 0.0981, 0.1000,
         0.1005],
        [0.0994, 0.0995, 0.1000, 0.1003, 0.1003, 0.1013, 0.1006, 0.0981, 0.1000,
         0.1005]], device='cuda:0')[0m
[0;30m[2020-11-30 16:14:32] [INFO] fpn epoch : 5, train acc : 0.24380435049533844, test acc : 0.2414093166589737[0m
[0;30m[2020-11-30 16:14:35] [INFO] tensor([[0.0992, 0.0992, 0.1000, 0.1006, 0.1004, 0.1018, 0.1009, 0.0973, 0.1000,
         0.1007],
        [0.0991, 0.0992, 0.1000, 0.1006, 0.1004, 0.1018, 0.1009, 0.0973, 0.1000,
         0.1007],
        [0.0992, 0.0992, 0.1000, 0.1006, 0.1004, 0.1018, 0.1009, 0.0973, 0.1000,
         0.1007],
        [0.0992, 0.0992, 0.1000, 0.1005, 0.1004, 0.1018, 0.1009, 0.0973, 0.1000,
         0.1007],
        [0.0992, 0.0992, 0.1000, 0.1006, 0.1004, 0.1018, 0.1009, 0.0973, 0.1000,
         0.1007]], device='cuda:0')[0m
[0;30m[2020-11-30 16:14:35] [INFO] fpn epoch : 6, train acc : 0.2460869550704956, test acc : 0.2457590252161026[0m
[0;30m[2020-11-30 16:14:39] [INFO] tensor([[0.0988, 0.0989, 0.1001, 0.1009, 0.1005, 0.1024, 0.1013, 0.0963, 0.0999,
         0.1008],
        [0.0986, 0.0989, 0.1001, 0.1009, 0.1006, 0.1025, 0.1014, 0.0963, 0.0999,
         0.1009],
        [0.0988, 0.0989, 0.1001, 0.1009, 0.1005, 0.1024, 0.1013, 0.0963, 0.0999,
         0.1008],
        [0.0988, 0.0989, 0.1001, 0.1009, 0.1005, 0.1025, 0.1013, 0.0963, 0.0999,
         0.1008],
        [0.0988, 0.0989, 0.1001, 0.1009, 0.1005, 0.1025, 0.1013, 0.0963, 0.0999,
         0.1008]], device='cuda:0')[0m
[0;30m[2020-11-30 16:14:39] [INFO] fpn epoch : 7, train acc : 0.24880434572696686, test acc : 0.24793389439582825[0m
[0;30m[2020-11-30 16:14:42] [INFO] tensor([[0.0983, 0.0984, 0.1004, 0.1013, 0.1008, 0.1032, 0.1019, 0.0950, 0.0997,
         0.1010],
        [0.0980, 0.0984, 0.1002, 0.1014, 0.1008, 0.1033, 0.1021, 0.0949, 0.0997,
         0.1010],
        [0.0983, 0.0984, 0.1003, 0.1014, 0.1008, 0.1033, 0.1019, 0.0950, 0.0997,
         0.1010],
        [0.0983, 0.0984, 0.1003, 0.1013, 0.1007, 0.1034, 0.1020, 0.0949, 0.0997,
         0.1010],
        [0.0983, 0.0984, 0.1002, 0.1013, 0.1008, 0.1034, 0.1019, 0.0950, 0.0997,
         0.1010]], device='cuda:0')[0m
[0;30m[2020-11-30 16:14:42] [INFO] fpn epoch : 8, train acc : 0.2509782612323761, test acc : 0.25489342212677[0m
[0;30m[2020-11-30 16:14:45] [INFO] tensor([[0.0976, 0.0978, 0.1007, 0.1020, 0.1010, 0.1044, 0.1028, 0.0933, 0.0993,
         0.1011],
        [0.0972, 0.0978, 0.1005, 0.1021, 0.1011, 0.1046, 0.1032, 0.0930, 0.0994,
         0.1010],
        [0.0975, 0.0978, 0.1006, 0.1020, 0.1010, 0.1044, 0.1028, 0.0933, 0.0993,
         0.1011],
        [0.0976, 0.0978, 0.1006, 0.1020, 0.1010, 0.1048, 0.1030, 0.0930, 0.0993,
         0.1010],
        [0.0975, 0.0978, 0.1005, 0.1020, 0.1010, 0.1047, 0.1028, 0.0933, 0.0993,
         0.1011]], device='cuda:0')[0m
[0;30m[2020-11-30 16:14:45] [INFO] fpn epoch : 9, train acc : 0.2559782564640045, test acc : 0.2575032711029053[0m
[0;30m[2020-11-30 16:14:49] [INFO] tensor([[0.0965, 0.0970, 0.1012, 0.1029, 0.1013, 0.1060, 0.1039, 0.0913, 0.0988,
         0.1011],
        [0.0960, 0.0970, 0.1009, 0.1031, 0.1015, 0.1065, 0.1047, 0.0905, 0.0990,
         0.1008],
        [0.0965, 0.0970, 0.1011, 0.1029, 0.1013, 0.1060, 0.1040, 0.0912, 0.0988,
         0.1011],
        [0.0965, 0.0969, 0.1011, 0.1029, 0.1012, 0.1067, 0.1045, 0.0906, 0.0987,
         0.1008],
        [0.0964, 0.0969, 0.1009, 0.1029, 0.1013, 0.1065, 0.1041, 0.0912, 0.0987,
         0.1011]], device='cuda:0')[0m
[0;30m[2020-11-30 16:14:49] [INFO] fpn epoch : 10, train acc : 0.260326087474823, test acc : 0.2596781253814697[0m
[0;30m[2020-11-30 16:14:52] [INFO] tensor([[0.0950, 0.0962, 0.1020, 0.1041, 0.1016, 0.1082, 0.1054, 0.0887, 0.0980,
         0.1009],
        [0.0944, 0.0960, 0.1016, 0.1045, 0.1020, 0.1089, 0.1068, 0.0873, 0.0984,
         0.1002],
        [0.0952, 0.0961, 0.1017, 0.1041, 0.1016, 0.1084, 0.1055, 0.0887, 0.0980,
         0.1008],
        [0.0949, 0.0958, 0.1019, 0.1041, 0.1013, 0.1095, 0.1069, 0.0874, 0.0977,
         0.1003],
        [0.0949, 0.0959, 0.1013, 0.1039, 0.1014, 0.1091, 0.1062, 0.0887, 0.0979,
         0.1007]], device='cuda:0')[0m
[0;30m[2020-11-30 16:14:52] [INFO] fpn epoch : 11, train acc : 0.26347827911376953, test acc : 0.2618529796600342[0m
[0;30m[2020-11-30 16:14:56] [INFO] tensor([[0.0930, 0.0953, 0.1030, 0.1054, 0.1016, 0.1113, 0.1074, 0.0860, 0.0970,
         0.1000],
        [0.0926, 0.0946, 0.1024, 0.1063, 0.1023, 0.1118, 0.1096, 0.0837, 0.0976,
         0.0991],
        [0.0935, 0.0949, 0.1026, 0.1053, 0.1017, 0.1116, 0.1073, 0.0860, 0.0970,
         0.1000],
        [0.0929, 0.0943, 0.1031, 0.1059, 0.1011, 0.1133, 0.1104, 0.0837, 0.0963,
         0.0989],
        [0.0931, 0.0946, 0.1020, 0.1050, 0.1013, 0.1124, 0.1090, 0.0861, 0.0967,
         0.0997]], device='cuda:0')[0m
[0;30m[2020-11-30 16:14:56] [INFO] fpn epoch : 12, train acc : 0.2682608664035797, test acc : 0.26141801476478577[0m
[0;30m[2020-11-30 16:14:59] [INFO] tensor([[0.0906, 0.0943, 0.1040, 0.1069, 0.1013, 0.1152, 0.1102, 0.0829, 0.0959,
         0.0987],
        [0.0908, 0.0924, 0.1034, 0.1086, 0.1024, 0.1153, 0.1132, 0.0800, 0.0966,
         0.0972],
        [0.0916, 0.0937, 0.1035, 0.1066, 0.1013, 0.1157, 0.1097, 0.0833, 0.0959,
         0.0987],
        [0.0904, 0.0925, 0.1047, 0.1084, 0.1003, 0.1179, 0.1150, 0.0797, 0.0945,
         0.0966],
        [0.0912, 0.0931, 0.1031, 0.1059, 0.1008, 0.1163, 0.1126, 0.0834, 0.0954,
         0.0981]], device='cuda:0')[0m
[0;30m[2020-11-30 16:14:59] [INFO] fpn epoch : 13, train acc : 0.26804348826408386, test acc : 0.2679425776004791[0m
[0;30m[2020-11-30 16:15:02] [INFO] tensor([[0.0882, 0.0934, 0.1048, 0.1084, 0.1006, 0.1191, 0.1133, 0.0802, 0.0949,
         0.0970],
        [0.0890, 0.0897, 0.1043, 0.1117, 0.1022, 0.1191, 0.1171, 0.0765, 0.0956,
         0.0948],
        [0.0898, 0.0924, 0.1042, 0.1076, 0.1005, 0.1199, 0.1127, 0.0809, 0.0949,
         0.0972],
        [0.0877, 0.0904, 0.1064, 0.1113, 0.0988, 0.1226, 0.1204, 0.0763, 0.0926,
         0.0936],
        [0.0895, 0.0915, 0.1047, 0.1065, 0.0997, 0.1202, 0.1168, 0.0808, 0.0941,
         0.0962]], device='cuda:0')[0m
[0;30m[2020-11-30 16:15:02] [INFO] fpn epoch : 14, train acc : 0.2696739137172699, test acc : 0.26968246698379517[0m
[0;30m[2020-11-30 16:15:06] [INFO] tensor([[0.0863, 0.0927, 0.1056, 0.1096, 0.0995, 0.1218, 0.1162, 0.0787, 0.0942,
         0.0955],
        [0.0873, 0.0869, 0.1049, 0.1147, 0.1018, 0.1218, 0.1212, 0.0741, 0.0949,
         0.0924],
        [0.0889, 0.0916, 0.1043, 0.1083, 0.0994, 0.1224, 0.1149, 0.0797, 0.0942,
         0.0962],
        [0.0853, 0.0879, 0.1084, 0.1135, 0.0967, 0.1265, 0.1260, 0.0743, 0.0908,
         0.0906],
        [0.0882, 0.0896, 0.1068, 0.1067, 0.0983, 0.1232, 0.1206, 0.0791, 0.0931,
         0.0944]], device='cuda:0')[0m
[0;30m[2020-11-30 16:15:06] [INFO] fpn epoch : 15, train acc : 0.27152174711227417, test acc : 0.2722923159599304[0m
[0;30m[2020-11-30 16:15:09] [INFO] tensor([[0.0847, 0.0916, 0.1072, 0.1104, 0.0983, 0.1233, 0.1185, 0.0781, 0.0939,
         0.0940],
        [0.0856, 0.0843, 0.1051, 0.1174, 0.1014, 0.1233, 0.1261, 0.0727, 0.0943,
         0.0899],
        [0.0882, 0.0915, 0.1041, 0.1087, 0.0984, 0.1234, 0.1163, 0.0797, 0.0941,
         0.0955],
        [0.0832, 0.0853, 0.1108, 0.1154, 0.0943, 0.1299, 0.1318, 0.0733, 0.0891,
         0.0870],
        [0.0867, 0.0874, 0.1091, 0.1065, 0.0969, 0.1259, 0.1243, 0.0780, 0.0926,
         0.0926]], device='cuda:0')[0m
[0;30m[2020-11-30 16:15:09] [INFO] fpn epoch : 16, train acc : 0.2766304314136505, test acc : 0.27707698941230774[0m
[0;30m[2020-11-30 16:15:13] [INFO] tensor([[0.0838, 0.0905, 0.1091, 0.1105, 0.0973, 0.1235, 0.1197, 0.0788, 0.0941,
         0.0927],
        [0.0842, 0.0823, 0.1054, 0.1194, 0.1008, 0.1240, 0.1305, 0.0723, 0.0932,
         0.0878],
        [0.0880, 0.0917, 0.1045, 0.1084, 0.0975, 0.1228, 0.1165, 0.0809, 0.0944,
         0.0952],
        [0.0815, 0.0828, 0.1132, 0.1167, 0.0918, 0.1325, 0.1369, 0.0730, 0.0877,
         0.0839],
        [0.0853, 0.0852, 0.1114, 0.1056, 0.0956, 0.1278, 0.1279, 0.0781, 0.0925,
         0.0906]], device='cuda:0')[0m
[0;30m[2020-11-30 16:15:13] [INFO] fpn epoch : 17, train acc : 0.2829347848892212, test acc : 0.2836015820503235[0m
[0;30m[2020-11-30 16:15:16] [INFO] tensor([[0.0842, 0.0907, 0.1097, 0.1100, 0.0965, 0.1222, 0.1188, 0.0809, 0.0947,
         0.0922],
        [0.0838, 0.0812, 0.1055, 0.1210, 0.1003, 0.1238, 0.1333, 0.0725, 0.0922,
         0.0865],
        [0.0893, 0.0926, 0.1040, 0.1075, 0.0969, 0.1205, 0.1149, 0.0834, 0.0952,
         0.0957],
        [0.0806, 0.0812, 0.1153, 0.1183, 0.0897, 0.1337, 0.1400, 0.0733, 0.0865,
         0.0816],
        [0.0852, 0.0844, 0.1126, 0.1043, 0.0947, 0.1279, 0.1293, 0.0796, 0.0929,
         0.0893]], device='cuda:0')[0m
[0;30m[2020-11-30 16:15:16] [INFO] fpn epoch : 18, train acc : 0.29250001907348633, test acc : 0.2888212203979492[0m
[0;30m[2020-11-30 16:15:19] [INFO] tensor([[0.0856, 0.0923, 0.1087, 0.1091, 0.0961, 0.1196, 0.1160, 0.0838, 0.0959,
         0.0928],
        [0.0840, 0.0810, 0.1050, 0.1222, 0.1000, 0.1231, 0.1340, 0.0732, 0.0914,
         0.0860],
        [0.0920, 0.0943, 0.1019, 0.1060, 0.0965, 0.1173, 0.1119, 0.0867, 0.0963,
         0.0971],
        [0.0807, 0.0805, 0.1165, 0.1203, 0.0880, 0.1335, 0.1407, 0.0739, 0.0858,
         0.0801],
        [0.0864, 0.0850, 0.1126, 0.1025, 0.0940, 0.1265, 0.1275, 0.0825, 0.0938,
         0.0893]], device='cuda:0')[0m
[0;30m[2020-11-30 16:15:19] [INFO] fpn epoch : 19, train acc : 0.30489131808280945, test acc : 0.29404088854789734[0m
[0;30m[2020-11-30 16:15:23] [INFO] tensor([[0.0877, 0.0954, 0.1063, 0.1073, 0.0958, 0.1157, 0.1122, 0.0876, 0.0976,
         0.0945],
        [0.0848, 0.0812, 0.1046, 0.1231, 0.1001, 0.1224, 0.1335, 0.0737, 0.0907,
         0.0859],
        [0.0964, 0.0969, 0.0985, 0.1040, 0.0964, 0.1127, 0.1073, 0.0906, 0.0981,
         0.0993],
        [0.0814, 0.0807, 0.1172, 0.1227, 0.0866, 0.1322, 0.1400, 0.0746, 0.0855,
         0.0792],
        [0.0885, 0.0867, 0.1113, 0.1003, 0.0937, 0.1241, 0.1237, 0.0861, 0.0952,
         0.0904]], device='cuda:0')[0m
[0;30m[2020-11-30 16:15:23] [INFO] fpn epoch : 20, train acc : 0.3199999928474426, test acc : 0.3053501546382904[0m
[0;30m[2020-11-30 16:15:26] [INFO] tensor([[0.0903, 0.0998, 0.1027, 0.1043, 0.0959, 0.1106, 0.1072, 0.0917, 0.1005,
         0.0970],
        [0.0859, 0.0821, 0.1041, 0.1224, 0.1009, 0.1221, 0.1320, 0.0741, 0.0903,
         0.0861],
        [0.1020, 0.1003, 0.0942, 0.1010, 0.0965, 0.1068, 0.1011, 0.0949, 0.1009,
         0.1022],
        [0.0829, 0.0816, 0.1180, 0.1240, 0.0855, 0.1298, 0.1379, 0.0755, 0.0857,
         0.0790],
        [0.0911, 0.0893, 0.1090, 0.0973, 0.0939, 0.1210, 0.1184, 0.0903, 0.0976,
         0.0921]], device='cuda:0')[0m
[0;30m[2020-11-30 16:15:26] [INFO] fpn epoch : 21, train acc : 0.3371739089488983, test acc : 0.31665942072868347[0m
[0;30m[2020-11-30 16:15:29] [INFO] tensor([[0.0939, 0.1057, 0.0977, 0.0993, 0.0965, 0.1039, 0.1001, 0.0967, 0.1054,
         0.1008],
        [0.0871, 0.0834, 0.1033, 0.1199, 0.1032, 0.1225, 0.1291, 0.0743, 0.0902,
         0.0869],
        [0.1085, 0.1055, 0.0883, 0.0965, 0.0972, 0.0990, 0.0929, 0.0997, 0.1061,
         0.1064],
        [0.0854, 0.0835, 0.1185, 0.1233, 0.0853, 0.1261, 0.1338, 0.0769, 0.0873,
         0.0800],
        [0.0944, 0.0928, 0.1059, 0.0932, 0.0947, 0.1165, 0.1114, 0.0947, 0.1015,
         0.0949]], device='cuda:0')[0m
[0;30m[2020-11-30 16:15:29] [INFO] fpn epoch : 22, train acc : 0.3583695590496063, test acc : 0.3349282443523407[0m
[0;30m[2020-11-30 16:15:33] [INFO] tensor([[0.0992, 0.1140, 0.0900, 0.0914, 0.0981, 0.0947, 0.0902, 0.1034, 0.1124,
         0.1066],
        [0.0894, 0.0855, 0.1011, 0.1147, 0.1077, 0.1222, 0.1236, 0.0754, 0.0913,
         0.0892],
        [0.1167, 0.1133, 0.0800, 0.0884, 0.0984, 0.0885, 0.0817, 0.1059, 0.1145,
         0.1126],
        [0.0897, 0.0874, 0.1172, 0.1197, 0.0864, 0.1198, 0.1267, 0.0800, 0.0903,
         0.0827],
        [0.0998, 0.0975, 0.1000, 0.0878, 0.0965, 0.1088, 0.1028, 0.1010, 0.1066,
         0.0994]], device='cuda:0')[0m
[0;30m[2020-11-30 16:15:33] [INFO] fpn epoch : 23, train acc : 0.37521740794181824, test acc : 0.35363203287124634[0m
[0;30m[2020-11-30 16:15:36] [INFO] tensor([[0.1056, 0.1248, 0.0806, 0.0807, 0.1008, 0.0828, 0.0778, 0.1125, 0.1200,
         0.1144],
        [0.0926, 0.0877, 0.0971, 0.1080, 0.1135, 0.1208, 0.1168, 0.0774, 0.0934,
         0.0926],
        [0.1259, 0.1238, 0.0690, 0.0769, 0.1000, 0.0753, 0.0686, 0.1140, 0.1263,
         0.1202],
        [0.0954, 0.0931, 0.1141, 0.1134, 0.0883, 0.1116, 0.1186, 0.0842, 0.0945,
         0.0869],
        [0.1074, 0.1033, 0.0911, 0.0807, 0.0998, 0.0982, 0.0913, 0.1101, 0.1131,
         0.1050]], device='cuda:0')[0m
[0;30m[2020-11-30 16:15:36] [INFO] fpn epoch : 24, train acc : 0.36934784054756165, test acc : 0.35058721899986267[0m
[0;30m[2020-11-30 16:15:40] [INFO] tensor([[0.1117, 0.1370, 0.0705, 0.0686, 0.1047, 0.0705, 0.0656, 0.1231, 0.1264,
         0.1219],
        [0.0958, 0.0889, 0.0921, 0.1023, 0.1195, 0.1201, 0.1113, 0.0794, 0.0945,
         0.0960],
        [0.1342, 0.1354, 0.0570, 0.0632, 0.1015, 0.0613, 0.0560, 0.1236, 0.1399,
         0.1279],
        [0.1003, 0.0981, 0.1123, 0.1076, 0.0902, 0.1035, 0.1121, 0.0877, 0.0970,
         0.0913],
        [0.1163, 0.1092, 0.0812, 0.0717, 0.1049, 0.0863, 0.0792, 0.1212, 0.1205,
         0.1096]], device='cuda:0')[0m
[0;30m[2020-11-30 16:15:40] [INFO] fpn epoch : 25, train acc : 0.3672826290130615, test acc : 0.3466724753379822[0m
[0;30m[2020-11-30 16:15:43] [INFO] tensor([[0.1162, 0.1479, 0.0613, 0.0579, 0.1097, 0.0596, 0.0557, 0.1341, 0.1308,
         0.1269],
        [0.0964, 0.0889, 0.0877, 0.0984, 0.1244, 0.1208, 0.1110, 0.0802, 0.0943,
         0.0980],
        [0.1392, 0.1454, 0.0467, 0.0507, 0.1025, 0.0492, 0.0459, 0.1346, 0.1519,
         0.1339],
        [0.1026, 0.1004, 0.1118, 0.1052, 0.0916, 0.0968, 0.1094, 0.0898, 0.0977,
         0.0947],
        [0.1229, 0.1131, 0.0723, 0.0624, 0.1116, 0.0755, 0.0697, 0.1335, 0.1269,
         0.1120]], device='cuda:0')[0m
[0;30m[2020-11-30 16:15:43] [INFO] fpn epoch : 26, train acc : 0.3729347884654999, test acc : 0.3514571487903595[0m
[0;30m[2020-11-30 16:15:46] [INFO] tensor([[0.1181, 0.1525, 0.0546, 0.0511, 0.1153, 0.0516, 0.0490, 0.1426, 0.1361,
         0.1291],
        [0.0929, 0.0877, 0.0844, 0.0982, 0.1252, 0.1242, 0.1171, 0.0797, 0.0928,
         0.0978],
        [0.1406, 0.1521, 0.0395, 0.0413, 0.1036, 0.0409, 0.0389, 0.1452, 0.1593,
         0.1387],
        [0.1028, 0.0982, 0.1134, 0.1049, 0.0924, 0.0932, 0.1099, 0.0906, 0.0991,
         0.0954],
        [0.1263, 0.1149, 0.0655, 0.0551, 0.1186, 0.0676, 0.0645, 0.1447, 0.1307,
         0.1122]], device='cuda:0')[0m
[0;30m[2020-11-30 16:15:46] [INFO] fpn epoch : 27, train acc : 0.382500022649765, test acc : 0.3640713393688202[0m
[0;30m[2020-11-30 16:15:50] [INFO] tensor([[0.1206, 0.1544, 0.0494, 0.0463, 0.1192, 0.0455, 0.0444, 0.1493, 0.1426,
         0.1284],
        [0.0879, 0.0864, 0.0827, 0.1004, 0.1190, 0.1291, 0.1264, 0.0799, 0.0906,
         0.0975],
        [0.1403, 0.1561, 0.0346, 0.0354, 0.1050, 0.0354, 0.0343, 0.1520, 0.1629,
         0.1439],
        [0.1028, 0.0956, 0.1164, 0.1054, 0.0914, 0.0908, 0.1118, 0.0908, 0.1007,
         0.0943],
        [0.1271, 0.1164, 0.0596, 0.0498, 0.1233, 0.0619, 0.0618, 0.1538, 0.1337,
         0.1124]], device='cuda:0')[0m
[0;30m[2020-11-30 16:15:50] [INFO] fpn epoch : 28, train acc : 0.39152175188064575, test acc : 0.37494564056396484[0m
[0;30m[2020-11-30 16:15:53] [INFO] tensor([[0.1237, 0.1553, 0.0450, 0.0433, 0.1179, 0.0407, 0.0401, 0.1559, 0.1503,
         0.1279],
        [0.0835, 0.0847, 0.0834, 0.1041, 0.1074, 0.1344, 0.1356, 0.0812, 0.0894,
         0.0963],
        [0.1410, 0.1588, 0.0313, 0.0319, 0.1042, 0.0316, 0.0310, 0.1565, 0.1652,
         0.1484],
        [0.1033, 0.0931, 0.1207, 0.1071, 0.0844, 0.0886, 0.1131, 0.0931, 0.1030,
         0.0935],
        [0.1277, 0.1181, 0.0548, 0.0468, 0.1242, 0.0568, 0.0589, 0.1616, 0.1374,
         0.1137]], device='cuda:0')[0m
[0;30m[2020-11-30 16:15:53] [INFO] fpn epoch : 29, train acc : 0.3966304361820221, test acc : 0.38755980134010315[0m
[0;30m[2020-11-30 16:15:56] [INFO] tensor([[0.1276, 0.1564, 0.0415, 0.0416, 0.1108, 0.0372, 0.0365, 0.1623, 0.1570,
         0.1291],
        [0.0786, 0.0826, 0.0860, 0.1115, 0.0937, 0.1407, 0.1421, 0.0825, 0.0880,
         0.0944],
        [0.1435, 0.1612, 0.0293, 0.0296, 0.1001, 0.0292, 0.0287, 0.1603, 0.1668,
         0.1514],
        [0.1047, 0.0914, 0.1246, 0.1111, 0.0746, 0.0863, 0.1116, 0.0966, 0.1062,
         0.0930],
        [0.1280, 0.1207, 0.0513, 0.0462, 0.1208, 0.0526, 0.0554, 0.1678, 0.1416,
         0.1156]], device='cuda:0')[0m
[0;30m[2020-11-30 16:15:56] [INFO] fpn epoch : 30, train acc : 0.40630435943603516, test acc : 0.3949543237686157[0m
[0;30m[2020-11-30 16:16:00] [INFO] tensor([[0.1325, 0.1581, 0.0383, 0.0403, 0.1008, 0.0346, 0.0335, 0.1674, 0.1626,
         0.1319],
        [0.0734, 0.0803, 0.0896, 0.1208, 0.0818, 0.1477, 0.1442, 0.0837, 0.0864,
         0.0922],
        [0.1470, 0.1630, 0.0278, 0.0281, 0.0944, 0.0276, 0.0270, 0.1629, 0.1678,
         0.1543],
        [0.1064, 0.0917, 0.1255, 0.1153, 0.0661, 0.0835, 0.1064, 0.1011, 0.1100,
         0.0940],
        [0.1278, 0.1245, 0.0484, 0.0470, 0.1140, 0.0489, 0.0512, 0.1733, 0.1461,
         0.1188]], device='cuda:0')[0m
[0;30m[2020-11-30 16:16:00] [INFO] fpn epoch : 31, train acc : 0.41858696937561035, test acc : 0.4119182229042053[0m
[0;30m[2020-11-30 16:16:03] [INFO] tensor([[0.1387, 0.1593, 0.0356, 0.0393, 0.0901, 0.0327, 0.0311, 0.1704, 0.1666,
         0.1362],
        [0.0679, 0.0774, 0.0938, 0.1313, 0.0722, 0.1565, 0.1441, 0.0835, 0.0836,
         0.0898],
        [0.1503, 0.1645, 0.0268, 0.0272, 0.0881, 0.0266, 0.0259, 0.1648, 0.1683,
         0.1575],
        [0.1087, 0.0935, 0.1235, 0.1190, 0.0588, 0.0803, 0.1008, 0.1055, 0.1148,
         0.0950],
        [0.1283, 0.1289, 0.0461, 0.0490, 0.1042, 0.0462, 0.0471, 0.1774, 0.1500,
         0.1228]], device='cuda:0')[0m
[0;30m[2020-11-30 16:16:03] [INFO] fpn epoch : 32, train acc : 0.42054349184036255, test acc : 0.4145280718803406[0m
[0;30m[2020-11-30 16:16:07] [INFO] tensor([[0.1447, 0.1608, 0.0331, 0.0387, 0.0793, 0.0311, 0.0293, 0.1721, 0.1695,
         0.1415],
        [0.0634, 0.0741, 0.0979, 0.1406, 0.0647, 0.1661, 0.1424, 0.0834, 0.0805,
         0.0869],
        [0.1540, 0.1662, 0.0260, 0.0267, 0.0790, 0.0259, 0.0252, 0.1668, 0.1693,
         0.1609],
        [0.1119, 0.0960, 0.1178, 0.1206, 0.0540, 0.0761, 0.0944, 0.1103, 0.1212,
         0.0976],
        [0.1289, 0.1346, 0.0435, 0.0514, 0.0921, 0.0440, 0.0432, 0.1806, 0.1542,
         0.1275]], device='cuda:0')[0m
[0;30m[2020-11-30 16:16:07] [INFO] fpn epoch : 33, train acc : 0.4213043451309204, test acc : 0.4188777804374695[0m
[0;30m[2020-11-30 16:16:10] [INFO] tensor([[0.1496, 0.1622, 0.0312, 0.0377, 0.0681, 0.0300, 0.0281, 0.1738, 0.1723,
         0.1469],
        [0.0603, 0.0707, 0.1024, 0.1487, 0.0594, 0.1754, 0.1422, 0.0817, 0.0762,
         0.0831],
        [0.1571, 0.1683, 0.0257, 0.0264, 0.0679, 0.0257, 0.0250, 0.1690, 0.1710,
         0.1640],
        [0.1144, 0.0987, 0.1114, 0.1181, 0.0513, 0.0722, 0.0893, 0.1162, 0.1279,
         0.1006],
        [0.1288, 0.1396, 0.0414, 0.0529, 0.0797, 0.0425, 0.0407, 0.1841, 0.1587,
         0.1316]], device='cuda:0')[0m
[0;30m[2020-11-30 16:16:10] [INFO] fpn epoch : 34, train acc : 0.4227173924446106, test acc : 0.4193127453327179[0m
[0;30m[2020-11-30 16:16:14] [INFO] tensor([[0.1545, 0.1630, 0.0299, 0.0362, 0.0576, 0.0293, 0.0273, 0.1752, 0.1744,
         0.1525],
        [0.0579, 0.0680, 0.1064, 0.1536, 0.0553, 0.1849, 0.1430, 0.0794, 0.0726,
         0.0789],
        [0.1603, 0.1702, 0.0255, 0.0261, 0.0578, 0.0255, 0.0249, 0.1710, 0.1724,
         0.1662],
        [0.1191, 0.1014, 0.1047, 0.1113, 0.0491, 0.0683, 0.0853, 0.1234, 0.1335,
         0.1038],
        [0.1295, 0.1432, 0.0401, 0.0531, 0.0689, 0.0413, 0.0389, 0.1872, 0.1635,
         0.1344]], device='cuda:0')[0m
[0;30m[2020-11-30 16:16:14] [INFO] fpn epoch : 35, train acc : 0.4222826063632965, test acc : 0.4145280718803406[0m
[0;30m[2020-11-30 16:16:17] [INFO] tensor([[0.1588, 0.1644, 0.0290, 0.0346, 0.0487, 0.0289, 0.0269, 0.1763, 0.1756,
         0.1568],
        [0.0557, 0.0660, 0.1107, 0.1557, 0.0519, 0.1951, 0.1444, 0.0768, 0.0693,
         0.0744],
        [0.1633, 0.1718, 0.0255, 0.0259, 0.0488, 0.0255, 0.0250, 0.1724, 0.1737,
         0.1682],
        [0.1254, 0.1051, 0.0984, 0.1033, 0.0473, 0.0658, 0.0819, 0.1292, 0.1369,
         0.1068],
        [0.1318, 0.1460, 0.0390, 0.0519, 0.0588, 0.0410, 0.0380, 0.1892, 0.1669,
         0.1375]], device='cuda:0')[0m
[0;30m[2020-11-30 16:16:17] [INFO] fpn epoch : 36, train acc : 0.42347827553749084, test acc : 0.41670292615890503[0m
[0;30m[2020-11-30 16:16:20] [INFO] tensor([[0.1622, 0.1658, 0.0283, 0.0331, 0.0413, 0.0287, 0.0267, 0.1773, 0.1768,
         0.1597],
        [0.0537, 0.0639, 0.1142, 0.1563, 0.0493, 0.2057, 0.1463, 0.0739, 0.0666,
         0.0701],
        [0.1660, 0.1733, 0.0255, 0.0257, 0.0408, 0.0256, 0.0250, 0.1737, 0.1748,
         0.1697],
        [0.1296, 0.1096, 0.0911, 0.0958, 0.0463, 0.0641, 0.0786, 0.1358, 0.1402,
         0.1089],
        [0.1342, 0.1478, 0.0379, 0.0499, 0.0500, 0.0415, 0.0376, 0.1913, 0.1697,
         0.1402]], device='cuda:0')[0m
[0;30m[2020-11-30 16:16:20] [INFO] fpn epoch : 37, train acc : 0.4253261089324951, test acc : 0.42105263471603394[0m
[0;30m[2020-11-30 16:16:24] [INFO] tensor([[0.1648, 0.1669, 0.0278, 0.0321, 0.0359, 0.0287, 0.0266, 0.1779, 0.1775,
         0.1619],
        [0.0516, 0.0616, 0.1169, 0.1573, 0.0470, 0.2156, 0.1479, 0.0717, 0.0645,
         0.0661],
        [0.1681, 0.1743, 0.0255, 0.0256, 0.0351, 0.0256, 0.0251, 0.1747, 0.1755,
         0.1706],
        [0.1314, 0.1142, 0.0844, 0.0898, 0.0451, 0.0623, 0.0752, 0.1440, 0.1435,
         0.1101],
        [0.1362, 0.1489, 0.0370, 0.0480, 0.0433, 0.0423, 0.0373, 0.1924, 0.1723,
         0.1422]], device='cuda:0')[0m
[0;30m[2020-11-30 16:16:24] [INFO] fpn epoch : 38, train acc : 0.426630437374115, test acc : 0.42235755920410156[0m
[0;30m[2020-11-30 16:16:27] [INFO] tensor([[0.1665, 0.1677, 0.0275, 0.0313, 0.0320, 0.0288, 0.0265, 0.1786, 0.1783,
         0.1627],
        [0.0500, 0.0595, 0.1182, 0.1588, 0.0455, 0.2245, 0.1483, 0.0701, 0.0629,
         0.0623],
        [0.1697, 0.1751, 0.0255, 0.0255, 0.0311, 0.0256, 0.0251, 0.1754, 0.1761,
         0.1710],
        [0.1308, 0.1185, 0.0788, 0.0851, 0.0446, 0.0613, 0.0722, 0.1542, 0.1461,
         0.1083],
        [0.1368, 0.1493, 0.0363, 0.0465, 0.0383, 0.0431, 0.0371, 0.1943, 0.1752,
         0.1432]], device='cuda:0')[0m
[0;30m[2020-11-30 16:16:27] [INFO] fpn epoch : 39, train acc : 0.42891305685043335, test acc : 0.4288821220397949[0m
[0;30m[2020-11-30 16:16:30] [INFO] tensor([[0.1677, 0.1683, 0.0273, 0.0307, 0.0296, 0.0289, 0.0265, 0.1792, 0.1786,
         0.1632],
        [0.0486, 0.0578, 0.1180, 0.1615, 0.0443, 0.2321, 0.1481, 0.0688, 0.0617,
         0.0592],
        [0.1708, 0.1755, 0.0254, 0.0254, 0.0287, 0.0257, 0.0251, 0.1759, 0.1765,
         0.1710],
        [0.1296, 0.1217, 0.0742, 0.0811, 0.0441, 0.0604, 0.0691, 0.1668, 0.1480,
         0.1051],
        [0.1366, 0.1490, 0.0357, 0.0454, 0.0353, 0.0437, 0.0368, 0.1957, 0.1779,
         0.1439]], device='cuda:0')[0m
[0;30m[2020-11-30 16:16:30] [INFO] fpn epoch : 40, train acc : 0.4331521689891815, test acc : 0.4293171167373657[0m
[0;30m[2020-11-30 16:16:34] [INFO] tensor([[0.1686, 0.1685, 0.0271, 0.0304, 0.0281, 0.0289, 0.0265, 0.1799, 0.1788,
         0.1631],
        [0.0473, 0.0562, 0.1177, 0.1656, 0.0433, 0.2374, 0.1478, 0.0678, 0.0603,
         0.0566],
        [0.1714, 0.1758, 0.0254, 0.0254, 0.0273, 0.0256, 0.0250, 0.1764, 0.1768,
         0.1710],
        [0.1270, 0.1244, 0.0711, 0.0782, 0.0435, 0.0593, 0.0666, 0.1800, 0.1488,
         0.1009],
        [0.1361, 0.1476, 0.0354, 0.0449, 0.0334, 0.0444, 0.0366, 0.1973, 0.1804,
         0.1440]], device='cuda:0')[0m
[0;30m[2020-11-30 16:16:34] [INFO] fpn epoch : 41, train acc : 0.4355434775352478, test acc : 0.43018704652786255[0m
[0;30m[2020-11-30 16:16:37] [INFO] tensor([[0.1693, 0.1688, 0.0271, 0.0302, 0.0272, 0.0288, 0.0265, 0.1806, 0.1792,
         0.1623],
        [0.0465, 0.0550, 0.1174, 0.1698, 0.0427, 0.2406, 0.1470, 0.0672, 0.0591,
         0.0546],
        [0.1718, 0.1759, 0.0254, 0.0254, 0.0264, 0.0256, 0.0250, 0.1767, 0.1770,
         0.1708],
        [0.1250, 0.1273, 0.0693, 0.0754, 0.0431, 0.0577, 0.0640, 0.1932, 0.1488,
         0.0961],
        [0.1362, 0.1455, 0.0351, 0.0446, 0.0324, 0.0445, 0.0363, 0.1994, 0.1826,
         0.1435]], device='cuda:0')[0m
[0;30m[2020-11-30 16:16:37] [INFO] fpn epoch : 42, train acc : 0.4381521940231323, test acc : 0.43018704652786255[0m
[0;30m[2020-11-30 16:16:41] [INFO] tensor([[0.1701, 0.1690, 0.0271, 0.0300, 0.0266, 0.0288, 0.0265, 0.1814, 0.1796,
         0.1608],
        [0.0456, 0.0538, 0.1190, 0.1741, 0.0422, 0.2421, 0.1465, 0.0662, 0.0580,
         0.0526],
        [0.1722, 0.1760, 0.0253, 0.0254, 0.0258, 0.0256, 0.0250, 0.1769, 0.1772,
         0.1706],
        [0.1239, 0.1296, 0.0686, 0.0732, 0.0426, 0.0561, 0.0621, 0.2043, 0.1485,
         0.0911],
        [0.1367, 0.1431, 0.0350, 0.0448, 0.0318, 0.0443, 0.0362, 0.2016, 0.1844,
         0.1420]], device='cuda:0')[0m
[0;30m[2020-11-30 16:16:41] [INFO] fpn epoch : 43, train acc : 0.43923914432525635, test acc : 0.4284471571445465[0m
[0;30m[2020-11-30 16:16:44] [INFO] tensor([[0.1708, 0.1694, 0.0271, 0.0300, 0.0263, 0.0287, 0.0265, 0.1822, 0.1802,
         0.1588],
        [0.0450, 0.0530, 0.1211, 0.1776, 0.0418, 0.2421, 0.1454, 0.0655, 0.0574,
         0.0510],
        [0.1727, 0.1760, 0.0253, 0.0255, 0.0254, 0.0255, 0.0250, 0.1770, 0.1774,
         0.1702],
        [0.1237, 0.1318, 0.0681, 0.0708, 0.0423, 0.0545, 0.0606, 0.2129, 0.1491,
         0.0863],
        [0.1372, 0.1406, 0.0350, 0.0448, 0.0316, 0.0437, 0.0361, 0.2044, 0.1865,
         0.1402]], device='cuda:0')[0m
[0;30m[2020-11-30 16:16:44] [INFO] fpn epoch : 44, train acc : 0.4404347836971283, test acc : 0.4293171167373657[0m
[0;30m[2020-11-30 16:16:47] [INFO] tensor([[0.1715, 0.1697, 0.0272, 0.0301, 0.0261, 0.0287, 0.0266, 0.1833, 0.1811,
         0.1557],
        [0.0445, 0.0521, 0.1237, 0.1810, 0.0417, 0.2414, 0.1444, 0.0649, 0.0568,
         0.0495],
        [0.1730, 0.1759, 0.0253, 0.0255, 0.0252, 0.0255, 0.0250, 0.1772, 0.1776,
         0.1697],
        [0.1231, 0.1333, 0.0685, 0.0686, 0.0421, 0.0531, 0.0597, 0.2200, 0.1505,
         0.0810],
        [0.1371, 0.1374, 0.0352, 0.0449, 0.0316, 0.0430, 0.0363, 0.2079, 0.1889,
         0.1377]], device='cuda:0')[0m
[0;30m[2020-11-30 16:16:47] [INFO] fpn epoch : 45, train acc : 0.44173914194107056, test acc : 0.4288821220397949[0m
[0;30m[2020-11-30 16:16:51] [INFO] tensor([[0.1725, 0.1701, 0.0274, 0.0302, 0.0260, 0.0286, 0.0268, 0.1844, 0.1820,
         0.1521],
        [0.0440, 0.0512, 0.1269, 0.1839, 0.0415, 0.2401, 0.1430, 0.0647, 0.0564,
         0.0482],
        [0.1733, 0.1759, 0.0254, 0.0256, 0.0250, 0.0255, 0.0250, 0.1773, 0.1777,
         0.1692],
        [0.1228, 0.1347, 0.0691, 0.0671, 0.0417, 0.0516, 0.0588, 0.2254, 0.1532,
         0.0756],
        [0.1373, 0.1344, 0.0354, 0.0451, 0.0317, 0.0425, 0.0364, 0.2112, 0.1914,
         0.1346]], device='cuda:0')[0m
[0;30m[2020-11-30 16:16:51] [INFO] fpn epoch : 46, train acc : 0.4419565200805664, test acc : 0.4284471571445465[0m
[0;30m[2020-11-30 16:16:54] [INFO] tensor([[0.1733, 0.1704, 0.0276, 0.0303, 0.0260, 0.0286, 0.0269, 0.1857, 0.1832,
         0.1480],
        [0.0436, 0.0504, 0.1303, 0.1858, 0.0414, 0.2391, 0.1415, 0.0647, 0.0560,
         0.0472],
        [0.1736, 0.1759, 0.0254, 0.0256, 0.0249, 0.0255, 0.0250, 0.1776, 0.1779,
         0.1685],
        [0.1218, 0.1351, 0.0698, 0.0657, 0.0414, 0.0505, 0.0581, 0.2303, 0.1565,
         0.0707],
        [0.1368, 0.1308, 0.0358, 0.0453, 0.0320, 0.0422, 0.0367, 0.2153, 0.1939,
         0.1313]], device='cuda:0')[0m
[0;30m[2020-11-30 16:16:54] [INFO] fpn epoch : 47, train acc : 0.44315218925476074, test acc : 0.42670726776123047[0m
[0;30m[2020-11-30 16:16:58] [INFO] tensor([[0.1739, 0.1706, 0.0278, 0.0304, 0.0260, 0.0287, 0.0271, 0.1869, 0.1843,
         0.1442],
        [0.0432, 0.0495, 0.1334, 0.1877, 0.0412, 0.2383, 0.1399, 0.0650, 0.0557,
         0.0462],
        [0.1738, 0.1760, 0.0254, 0.0257, 0.0248, 0.0255, 0.0250, 0.1778, 0.1781,
         0.1678],
        [0.1201, 0.1352, 0.0707, 0.0644, 0.0411, 0.0496, 0.0574, 0.2346, 0.1604,
         0.0664],
        [0.1357, 0.1271, 0.0362, 0.0454, 0.0322, 0.0421, 0.0370, 0.2191, 0.1963,
         0.1289]], device='cuda:0')[0m
[0;30m[2020-11-30 16:16:58] [INFO] fpn epoch : 48, train acc : 0.4438043534755707, test acc : 0.42670726776123047[0m
[0;30m[2020-11-30 16:17:01] [INFO] tensor([[0.1744, 0.1707, 0.0280, 0.0305, 0.0261, 0.0287, 0.0272, 0.1881, 0.1853,
         0.1409],
        [0.0427, 0.0484, 0.1357, 0.1898, 0.0409, 0.2375, 0.1390, 0.0654, 0.0552,
         0.0454],
        [0.1739, 0.1760, 0.0254, 0.0257, 0.0248, 0.0255, 0.0250, 0.1780, 0.1783,
         0.1673],
        [0.1171, 0.1348, 0.0716, 0.0633, 0.0410, 0.0489, 0.0569, 0.2390, 0.1646,
         0.0628],
        [0.1340, 0.1231, 0.0367, 0.0455, 0.0326, 0.0422, 0.0373, 0.2231, 0.1986,
         0.1269]], device='cuda:0')[0m
[0;30m[2020-11-30 16:17:01] [INFO] fpn epoch : 49, train acc : 0.44260871410369873, test acc : 0.43018704652786255[0m
[0;30m[2020-11-30 16:17:04] [INFO] tensor([[0.1747, 0.1706, 0.0282, 0.0306, 0.0261, 0.0288, 0.0273, 0.1891, 0.1863,
         0.1383],
        [0.0422, 0.0474, 0.1372, 0.1920, 0.0407, 0.2370, 0.1381, 0.0661, 0.0546,
         0.0447],
        [0.1739, 0.1760, 0.0254, 0.0257, 0.0247, 0.0255, 0.0250, 0.1782, 0.1785,
         0.1670],
        [0.1131, 0.1341, 0.0720, 0.0627, 0.0409, 0.0484, 0.0564, 0.2435, 0.1690,
         0.0599],
        [0.1321, 0.1189, 0.0372, 0.0455, 0.0329, 0.0424, 0.0376, 0.2269, 0.2008,
         0.1258]], device='cuda:0')[0m
[0;30m[2020-11-30 16:17:04] [INFO] fpn epoch : 50, train acc : 0.4440217614173889, test acc : 0.43062201142311096[0m
[0;30m[2020-11-30 16:17:08] [INFO] tensor([[0.1746, 0.1703, 0.0283, 0.0307, 0.0262, 0.0288, 0.0274, 0.1902, 0.1872,
         0.1363],
        [0.0418, 0.0465, 0.1379, 0.1936, 0.0405, 0.2370, 0.1376, 0.0670, 0.0541,
         0.0441],
        [0.1739, 0.1760, 0.0254, 0.0257, 0.0247, 0.0255, 0.0250, 0.1784, 0.1787,
         0.1667],
        [0.1090, 0.1322, 0.0723, 0.0626, 0.0411, 0.0483, 0.0563, 0.2481, 0.1726,
         0.0577],
        [0.1296, 0.1142, 0.0377, 0.0454, 0.0333, 0.0425, 0.0380, 0.2309, 0.2031,
         0.1254]], device='cuda:0')[0m
[0;30m[2020-11-30 16:17:08] [INFO] fpn epoch : 51, train acc : 0.44619566202163696, test acc : 0.432361900806427[0m
[0;30m[2020-11-30 16:17:11] [INFO] tensor([[0.1746, 0.1700, 0.0284, 0.0308, 0.0262, 0.0288, 0.0275, 0.1907, 0.1877,
         0.1353],
        [0.0412, 0.0455, 0.1389, 0.1952, 0.0400, 0.2366, 0.1373, 0.0683, 0.0537,
         0.0433],
        [0.1738, 0.1760, 0.0254, 0.0258, 0.0246, 0.0255, 0.0250, 0.1785, 0.1788,
         0.1667],
        [0.1059, 0.1301, 0.0722, 0.0628, 0.0410, 0.0480, 0.0561, 0.2513, 0.1767,
         0.0559],
        [0.1277, 0.1103, 0.0379, 0.0453, 0.0333, 0.0425, 0.0381, 0.2330, 0.2051,
         0.1267]], device='cuda:0')[0m
[0;30m[2020-11-30 16:17:11] [INFO] fpn epoch : 52, train acc : 0.4482608735561371, test acc : 0.43540671467781067[0m
[0;30m[2020-11-30 16:17:14] [INFO] tensor([[0.1746, 0.1698, 0.0285, 0.0309, 0.0263, 0.0288, 0.0275, 0.1914, 0.1883,
         0.1339],
        [0.0407, 0.0445, 0.1401, 0.1963, 0.0396, 0.2364, 0.1374, 0.0693, 0.0532,
         0.0426],
        [0.1736, 0.1759, 0.0254, 0.0258, 0.0246, 0.0255, 0.0250, 0.1786, 0.1789,
         0.1667],
        [0.1025, 0.1271, 0.0726, 0.0632, 0.0411, 0.0479, 0.0561, 0.2545, 0.1807,
         0.0545],
        [0.1255, 0.1058, 0.0382, 0.0453, 0.0335, 0.0425, 0.0383, 0.2355, 0.2076,
         0.1279]], device='cuda:0')[0m
[0;30m[2020-11-30 16:17:14] [INFO] fpn epoch : 53, train acc : 0.4482608735561371, test acc : 0.4362766444683075[0m
[0;30m[2020-11-30 16:17:18] [INFO] tensor([[0.1745, 0.1696, 0.0286, 0.0309, 0.0264, 0.0288, 0.0276, 0.1925, 0.1894,
         0.1316],
        [0.0405, 0.0438, 0.1409, 0.1962, 0.0395, 0.2365, 0.1367, 0.0706, 0.0531,
         0.0422],
        [0.1734, 0.1758, 0.0254, 0.0258, 0.0246, 0.0255, 0.0250, 0.1788, 0.1792,
         0.1665],
        [0.0989, 0.1225, 0.0725, 0.0636, 0.0415, 0.0480, 0.0562, 0.2587, 0.1848,
         0.0534],
        [0.1227, 0.0995, 0.0385, 0.0453, 0.0339, 0.0426, 0.0385, 0.2393, 0.2111,
         0.1285]], device='cuda:0')[0m
[0;30m[2020-11-30 16:17:18] [INFO] fpn epoch : 54, train acc : 0.4503260850906372, test acc : 0.4371466040611267[0m
[0;30m[2020-11-30 16:17:21] [INFO] tensor([[0.1743, 0.1693, 0.0287, 0.0311, 0.0265, 0.0289, 0.0277, 0.1934, 0.1903,
         0.1298],
        [0.0399, 0.0429, 0.1426, 0.1962, 0.0391, 0.2359, 0.1371, 0.0719, 0.0529,
         0.0415],
        [0.1732, 0.1757, 0.0253, 0.0258, 0.0246, 0.0255, 0.0250, 0.1790, 0.1794,
         0.1665],
        [0.0954, 0.1177, 0.0731, 0.0644, 0.0417, 0.0481, 0.0564, 0.2618, 0.1891,
         0.0523],
        [0.1199, 0.0928, 0.0390, 0.0455, 0.0342, 0.0428, 0.0389, 0.2427, 0.2147,
         0.1295]], device='cuda:0')[0m
[0;30m[2020-11-30 16:17:21] [INFO] fpn epoch : 55, train acc : 0.4514130651950836, test acc : 0.43932145833969116[0m
[0;30m[2020-11-30 16:17:24] [INFO] tensor([[0.1736, 0.1688, 0.0288, 0.0312, 0.0265, 0.0289, 0.0278, 0.1942, 0.1910,
         0.1292],
        [0.0394, 0.0421, 0.1441, 0.1956, 0.0387, 0.2351, 0.1376, 0.0735, 0.0530,
         0.0409],
        [0.1731, 0.1755, 0.0253, 0.0258, 0.0246, 0.0255, 0.0250, 0.1792, 0.1795,
         0.1666],
        [0.0916, 0.1125, 0.0734, 0.0653, 0.0419, 0.0482, 0.0566, 0.2652, 0.1937,
         0.0517],
        [0.1161, 0.0863, 0.0394, 0.0457, 0.0346, 0.0430, 0.0393, 0.2461, 0.2185,
         0.1309]], device='cuda:0')[0m
[0;30m[2020-11-30 16:17:24] [INFO] fpn epoch : 56, train acc : 0.4527173936367035, test acc : 0.44193127751350403[0m
[0;30m[2020-11-30 16:17:28] [INFO] tensor([[0.1726, 0.1674, 0.0289, 0.0312, 0.0267, 0.0290, 0.0279, 0.1953, 0.1920,
         0.1289],
        [0.0392, 0.0415, 0.1452, 0.1949, 0.0386, 0.2351, 0.1376, 0.0744, 0.0529,
         0.0405],
        [0.1729, 0.1753, 0.0253, 0.0258, 0.0246, 0.0255, 0.0250, 0.1794, 0.1798,
         0.1666],
        [0.0874, 0.1064, 0.0734, 0.0662, 0.0424, 0.0486, 0.0570, 0.2695, 0.1978,
         0.0513],
        [0.1112, 0.0795, 0.0400, 0.0460, 0.0352, 0.0434, 0.0398, 0.2507, 0.2225,
         0.1319]], device='cuda:0')[0m
[0;30m[2020-11-30 16:17:28] [INFO] fpn epoch : 57, train acc : 0.4548913240432739, test acc : 0.4441061317920685[0m
[0;30m[2020-11-30 16:17:31] [INFO] tensor([[0.1715, 0.1660, 0.0290, 0.0313, 0.0268, 0.0290, 0.0280, 0.1962, 0.1929,
         0.1292],
        [0.0389, 0.0409, 0.1465, 0.1944, 0.0384, 0.2347, 0.1378, 0.0756, 0.0528,
         0.0400],
        [0.1727, 0.1750, 0.0253, 0.0257, 0.0246, 0.0255, 0.0250, 0.1796, 0.1799,
         0.1667],
        [0.0839, 0.1003, 0.0735, 0.0671, 0.0427, 0.0489, 0.0574, 0.2734, 0.2019,
         0.0510],
        [0.1070, 0.0727, 0.0404, 0.0462, 0.0356, 0.0437, 0.0403, 0.2545, 0.2261,
         0.1336]], device='cuda:0')[0m
[0;30m[2020-11-30 16:17:31] [INFO] fpn epoch : 58, train acc : 0.45500001311302185, test acc : 0.44758591055870056[0m
[0;30m[2020-11-30 16:17:35] [INFO] tensor([[0.1708, 0.1647, 0.0291, 0.0314, 0.0268, 0.0291, 0.0280, 0.1967, 0.1934,
         0.1301],
        [0.0385, 0.0402, 0.1479, 0.1938, 0.0381, 0.2342, 0.1378, 0.0770, 0.0530,
         0.0395],
        [0.1726, 0.1747, 0.0253, 0.0257, 0.0246, 0.0255, 0.0249, 0.1797, 0.1800,
         0.1671],
        [0.0813, 0.0944, 0.0733, 0.0678, 0.0428, 0.0491, 0.0576, 0.2768, 0.2061,
