[0;30m[2020-11-30 17:07:50] [INFO] dataset : esr[0m
[0;30m[2020-11-30 17:07:50] [INFO] prototype number : 10[0m
[0;30m[2020-11-30 17:07:50] [INFO] batch_size : 3000[0m
[0;30m[2020-11-30 17:07:50] [INFO] epoch_size : 200[0m
[0;34m[2020-11-30 17:07:53] [DEBUG] =====starting on ['esr']=======[0m
[0;32m[2020-11-30 17:07:53] [WARNING] =====Mission: Classification=======[0m
[0;32m[2020-11-30 17:07:53] [WARNING] =====k_fold: 1=======[0m
[0;30m[2020-11-30 17:08:33] [INFO] Accuracy of training data using SVM: 58.29%[0m
[0;30m[2020-11-30 17:08:33] [INFO] Accuracy of test data using SVM: 56.37%[0m
[0;30m[2020-11-30 17:09:10] [INFO] tensor([[0.0983, 0.0945, 0.1065, 0.1029, 0.1014, 0.1040, 0.1018, 0.0974, 0.0991,
         0.0941],
        [0.0981, 0.0949, 0.1048, 0.1019, 0.1009, 0.1043, 0.1016, 0.0984, 0.0993,
         0.0958],
        [0.0980, 0.0940, 0.1068, 0.1029, 0.1015, 0.1038, 0.1011, 0.0987, 0.0989,
         0.0943],
        [0.0970, 0.0952, 0.1055, 0.1028, 0.1016, 0.1028, 0.1022, 0.0977, 0.0997,
         0.0955],
        [0.0978, 0.0952, 0.1066, 0.1025, 0.1009, 0.1036, 0.1018, 0.0984, 0.0987,
         0.0944]], device='cuda:0')[0m
[0;30m[2020-11-30 17:09:10] [INFO] fpn epoch : 1, train acc : 0.15315218269824982, test acc : 0.15397998690605164[0m
[0;30m[2020-11-30 17:09:11] [INFO] tensor([[0.1009, 0.0890, 0.1163, 0.1076, 0.1039, 0.1086, 0.1008, 0.0905, 0.0968,
         0.0856],
        [0.1007, 0.0905, 0.1130, 0.1053, 0.1024, 0.1087, 0.1000, 0.0932, 0.0975,
         0.0887],
        [0.0999, 0.0887, 0.1177, 0.1077, 0.1041, 0.1075, 0.0982, 0.0935, 0.0967,
         0.0859],
        [0.0975, 0.0913, 0.1142, 0.1077, 0.1046, 0.1050, 0.1009, 0.0924, 0.0987,
         0.0878],
        [0.0995, 0.0915, 0.1175, 0.1062, 0.1022, 0.1072, 0.1004, 0.0930, 0.0960,
         0.0866]], device='cuda:0')[0m
[0;30m[2020-11-30 17:09:11] [INFO] fpn epoch : 2, train acc : 0.23195652663707733, test acc : 0.2240104377269745[0m
[0;30m[2020-11-30 17:09:11] [INFO] tensor([[0.1031, 0.0798, 0.1331, 0.1172, 0.1088, 0.1138, 0.0996, 0.0799, 0.0922,
         0.0727],
        [0.1030, 0.0823, 0.1287, 0.1117, 0.1055, 0.1141, 0.0975, 0.0858, 0.0938,
         0.0775],
        [0.1007, 0.0801, 0.1370, 0.1171, 0.1093, 0.1105, 0.0940, 0.0852, 0.0924,
         0.0738],
        [0.0970, 0.0839, 0.1307, 0.1173, 0.1106, 0.1066, 0.0982, 0.0836, 0.0963,
         0.0759],
        [0.0995, 0.0851, 0.1381, 0.1139, 0.1050, 0.1100, 0.0986, 0.0842, 0.0909,
         0.0746]], device='cuda:0')[0m
[0;30m[2020-11-30 17:09:11] [INFO] fpn epoch : 3, train acc : 0.24347826838493347, test acc : 0.23923444747924805[0m
[0;30m[2020-11-30 17:09:12] [INFO] tensor([[0.1016, 0.0653, 0.1653, 0.1333, 0.1171, 0.1156, 0.0972, 0.0640, 0.0848,
         0.0560],
        [0.1027, 0.0694, 0.1579, 0.1229, 0.1108, 0.1178, 0.0940, 0.0735, 0.0885,
         0.0627],
        [0.0968, 0.0669, 0.1733, 0.1338, 0.1183, 0.1092, 0.0867, 0.0718, 0.0855,
         0.0576],
        [0.0923, 0.0709, 0.1635, 0.1330, 0.1207, 0.1039, 0.0937, 0.0695, 0.0922,
         0.0602],
        [0.0944, 0.0745, 0.1766, 0.1278, 0.1100, 0.1086, 0.0949, 0.0701, 0.0841,
         0.0591]], device='cuda:0')[0m
[0;30m[2020-11-30 17:09:12] [INFO] fpn epoch : 4, train acc : 0.24989131093025208, test acc : 0.24923880398273468[0m
[0;30m[2020-11-30 17:09:12] [INFO] tensor([[0.0873, 0.0501, 0.2342, 0.1548, 0.1261, 0.0993, 0.0965, 0.0405, 0.0740,
         0.0373],
        [0.0917, 0.0558, 0.2198, 0.1386, 0.1170, 0.1050, 0.0942, 0.0511, 0.0818,
         0.0450],
        [0.0807, 0.0531, 0.2508, 0.1565, 0.1281, 0.0896, 0.0788, 0.0479, 0.0752,
         0.0393],
        [0.0763, 0.0565, 0.2317, 0.1541, 0.1327, 0.0858, 0.0895, 0.0461, 0.0853,
         0.0419],
        [0.0766, 0.0641, 0.2526, 0.1466, 0.1148, 0.0892, 0.0917, 0.0467, 0.0757,
         0.0419]], device='cuda:0')[0m
[0;30m[2020-11-30 17:09:12] [INFO] fpn epoch : 5, train acc : 0.2600000202655792, test acc : 0.2588081955909729[0m
[0;30m[2020-11-30 17:09:12] [INFO] tensor([[0.0565, 0.0373, 0.3770, 0.1654, 0.1223, 0.0533, 0.0952, 0.0164, 0.0576,
         0.0192],
        [0.0636, 0.0451, 0.3526, 0.1463, 0.1132, 0.0616, 0.0978, 0.0235, 0.0704,
         0.0259],
        [0.0495, 0.0415, 0.4096, 0.1660, 0.1226, 0.0452, 0.0670, 0.0202, 0.0574,
         0.0211],
        [0.0480, 0.0430, 0.3730, 0.1653, 0.1311, 0.0457, 0.0805, 0.0195, 0.0710,
         0.0229],
        [0.0440, 0.0574, 0.4040, 0.1543, 0.1060, 0.0437, 0.0841, 0.0197, 0.0625,
         0.0241]], device='cuda:0')[0m
[0;30m[2020-11-30 17:09:12] [INFO] fpn epoch : 6, train acc : 0.28380435705184937, test acc : 0.2749021351337433[0m
[0;30m[2020-11-30 17:09:13] [INFO] tensor([[0.0222, 0.0324, 0.5963, 0.1229, 0.0821, 0.0150, 0.0845, 0.0035, 0.0344,
         0.0068],
        [0.0269, 0.0430, 0.5636, 0.1108, 0.0771, 0.0198, 0.0937, 0.0059, 0.0484,
         0.0108],
        [0.0179, 0.0372, 0.6473, 0.1179, 0.0763, 0.0124, 0.0469, 0.0045, 0.0320,
         0.0076],
        [0.0186, 0.0376, 0.5938, 0.1262, 0.0899, 0.0133, 0.0617, 0.0043, 0.0456,
         0.0088],
        [0.0140, 0.0629, 0.6157, 0.1121, 0.0652, 0.0103, 0.0650, 0.0041, 0.0407,
         0.0101]], device='cuda:0')[0m
[0;30m[2020-11-30 17:09:13] [INFO] fpn epoch : 7, train acc : 0.30739131569862366, test acc : 0.2957807779312134[0m
[0;30m[2020-11-30 17:09:13] [INFO] tensor([[4.6985e-03, 4.0471e-02, 7.6760e-01, 5.0669e-02, 3.0903e-02, 2.0547e-03,
         8.6890e-02, 3.5290e-04, 1.4612e-02, 1.7450e-03],
        [5.9165e-03, 6.2232e-02, 7.2406e-01, 4.6745e-02, 2.9731e-02, 2.9529e-03,
         1.0058e-01, 7.1877e-04, 2.3842e-02, 3.2250e-03],
        [3.3386e-03, 4.8315e-02, 8.2817e-01, 4.2781e-02, 2.4576e-02, 1.5378e-03,
         3.6050e-02, 4.8407e-04, 1.2763e-02, 1.9833e-03],
        [3.6317e-03, 4.6544e-02, 7.8716e-01, 5.2976e-02, 3.2720e-02, 1.7567e-03,
         5.1647e-02, 4.6483e-04, 2.0704e-02, 2.3968e-03],
        [1.9845e-03, 1.0088e-01, 7.6118e-01, 4.2710e-02, 2.0493e-02, 1.0148e-03,
         5.0359e-02, 3.7934e-04, 1.7997e-02, 2.9953e-03]], device='cuda:0')[0m
[0;30m[2020-11-30 17:09:13] [INFO] fpn epoch : 8, train acc : 0.3301087021827698, test acc : 0.3214441239833832[0m
[0;30m[2020-11-30 17:09:14] [INFO] tensor([[7.5823e-04, 2.3282e-02, 8.3537e-01, 1.3004e-02, 7.6040e-03, 2.0505e-04,
         1.1462e-01, 2.3125e-05, 4.7580e-03, 3.6798e-04],
        [9.6423e-04, 4.4696e-02, 7.7267e-01, 1.3290e-02, 9.2299e-03, 3.2482e-04,
         1.4866e-01, 5.7067e-05, 9.2850e-03, 8.2255e-04],
        [4.8258e-04, 3.1724e-02, 9.0955e-01, 9.4689e-03, 5.9705e-03, 1.4174e-04,
         3.7228e-02, 3.6531e-05, 4.9100e-03, 4.9284e-04],
        [5.2330e-04, 2.7908e-02, 8.8467e-01, 1.3336e-02, 7.3205e-03, 1.6476e-04,
         5.7654e-02, 3.2619e-05, 7.8540e-03, 5.3517e-04],
        [2.0478e-04, 7.5224e-02, 8.5783e-01, 1.0794e-02, 4.2305e-03, 7.0402e-05,
         4.5090e-02, 2.3212e-05, 5.9171e-03, 6.1327e-04]], device='cuda:0')[0m
[0;30m[2020-11-30 17:09:14] [INFO] fpn epoch : 9, train acc : 0.36097827553749084, test acc : 0.339712917804718[0m
[0;30m[2020-11-30 17:09:14] [INFO] tensor([[1.0620e-04, 9.9360e-03, 9.0345e-01, 2.4177e-03, 1.8359e-03, 1.7851e-05,
         8.0511e-02, 1.2172e-06, 1.6404e-03, 8.5968e-05],
        [1.5286e-04, 2.6599e-02, 8.2672e-01, 3.9342e-03, 3.2572e-03, 3.3528e-05,
         1.3461e-01, 4.0348e-06, 4.4271e-03, 2.6534e-04],
        [5.8737e-05, 1.4683e-02, 9.5953e-01, 1.9993e-03, 1.6003e-03, 1.0865e-05,
         1.9850e-02, 2.1292e-06, 2.1329e-03, 1.3127e-04],
        [6.7770e-05, 1.3261e-02, 9.4033e-01, 2.4721e-03, 1.6930e-03, 1.3825e-05,
         3.8856e-02, 1.9033e-06, 3.1723e-03, 1.2937e-04],
        [2.0586e-05, 4.6240e-02, 9.2911e-01, 2.1860e-03, 7.5499e-04, 4.8562e-06,
         1.9443e-02, 1.3253e-06, 2.0996e-03, 1.3712e-04]], device='cuda:0')[0m
[0;30m[2020-11-30 17:09:14] [INFO] fpn epoch : 10, train acc : 0.3705434799194336, test acc : 0.35537189245224[0m
[0;30m[2020-11-30 17:09:14] [INFO] tensor([[1.1325e-05, 3.3256e-03, 9.5197e-01, 4.8310e-04, 4.0397e-04, 1.2494e-06,
         4.3252e-02, 5.0272e-08, 5.3611e-04, 1.7661e-05],
        [1.9927e-05, 1.3373e-02, 8.8442e-01, 1.1517e-03, 9.3683e-04, 2.8815e-06,
         9.7845e-02, 2.3047e-07, 2.1681e-03, 8.0481e-05],
        [4.5884e-06, 4.8845e-03, 9.8684e-01, 3.5194e-04, 2.7037e-04, 5.5170e-07,
         6.9449e-03, 7.9614e-08, 6.8159e-04, 2.5048e-05],
        [6.4739e-06, 4.7439e-03, 9.7541e-01, 4.6025e-04, 3.5358e-04, 8.9686e-07,
         1.7980e-02, 8.2102e-08, 1.0233e-03, 2.5888e-05],
        [1.9156e-06, 2.5638e-02, 9.6597e-01, 3.7511e-04, 1.6690e-04, 3.2213e-07,
         7.0779e-03, 7.0201e-08, 7.3640e-04, 2.9417e-05]], device='cuda:0')[0m
[0;30m[2020-11-30 17:09:14] [INFO] fpn epoch : 11, train acc : 0.3776087164878845, test acc : 0.3597216308116913[0m
[0;30m[2020-11-30 17:09:15] [INFO] tensor([[1.9644e-06, 3.5935e-03, 9.4370e-01, 1.6285e-04, 1.2724e-04, 1.3698e-07,
         5.2091e-02, 4.1778e-09, 3.1325e-04, 6.4376e-06],
        [3.5370e-06, 1.9383e-02, 8.3186e-01, 4.1939e-04, 3.2116e-04, 3.2714e-07,
         1.4638e-01, 2.1854e-08, 1.5875e-03, 3.5920e-05],
        [6.4403e-07, 5.4528e-03, 9.8789e-01, 9.9907e-05, 7.0192e-05, 4.8848e-08,
         6.0873e-03, 6.2188e-09, 3.8916e-04, 8.7847e-06],
        [1.0705e-06, 5.3590e-03, 9.7337e-01, 1.5490e-04, 1.1080e-04, 9.7773e-08,
         2.0417e-02, 7.2845e-09, 5.7824e-04, 9.4716e-06],
        [2.8133e-07, 4.0162e-02, 9.5268e-01, 9.6573e-05, 5.3044e-05, 3.2037e-08,
         6.5592e-03, 6.8384e-09, 4.3436e-04, 1.0044e-05]], device='cuda:0')[0m
[0;30m[2020-11-30 17:09:15] [INFO] fpn epoch : 12, train acc : 0.3814130425453186, test acc : 0.3688560426235199[0m
[0;30m[2020-11-30 17:09:15] [INFO] tensor([[3.6914e-07, 2.8494e-03, 9.5138e-01, 5.9308e-05, 4.1790e-05, 1.8348e-08,
         4.5498e-02, 5.0878e-10, 1.6898e-04, 2.4529e-06],
        [6.5398e-07, 2.0869e-02, 8.3266e-01, 1.5930e-04, 1.1082e-04, 4.3560e-08,
         1.4518e-01, 3.0217e-09, 1.0060e-03, 1.6239e-05],
        [9.8733e-08, 4.1094e-03, 9.9172e-01, 3.0529e-05, 1.8967e-05, 5.2556e-09,
         3.9202e-03, 7.0080e-10, 1.9698e-04, 3.1167e-06],
        [2.0094e-07, 4.3936e-03, 9.7725e-01, 5.8204e-05, 3.7661e-05, 1.3590e-08,
         1.7972e-02, 9.4874e-10, 2.8819e-04, 3.6368e-06],
        [4.8703e-08, 4.3436e-02, 9.5120e-01, 3.7426e-05, 1.8417e-05, 4.1228e-09,
         5.0799e-03, 9.9025e-10, 2.2357e-04, 3.6887e-06]], device='cuda:0')[0m
[0;30m[2020-11-30 17:09:15] [INFO] fpn epoch : 13, train acc : 0.3813043534755707, test acc : 0.3771204948425293[0m
[0;30m[2020-11-30 17:09:16] [INFO] tensor([[7.8961e-08, 1.2570e-03, 9.7140e-01, 2.4249e-05, 1.5294e-05, 3.2015e-09,
         2.7223e-02, 7.9955e-11, 8.1893e-05, 9.7207e-07],
        [1.3675e-07, 1.0087e-02, 9.0623e-01, 6.7184e-05, 4.2051e-05, 7.5255e-09,
         8.3039e-02, 5.4034e-10, 5.3080e-04, 7.3859e-06],
        [1.7557e-08, 1.6001e-03, 9.9652e-01, 1.0585e-05, 5.7971e-06, 7.4074e-10,
         1.7693e-03, 1.0260e-10, 8.7987e-05, 1.1292e-06],
        [4.3596e-08, 1.9276e-03, 9.8680e-01, 2.4601e-05, 1.4326e-05, 2.4668e-09,
         1.1107e-02, 1.5648e-10, 1.2437e-04, 1.4168e-06],
        [9.4245e-09, 2.2260e-02, 9.7516e-01, 1.5474e-05, 6.7975e-06, 6.5957e-10,
         2.4656e-03, 1.7126e-10, 8.6503e-05, 1.3158e-06]], device='cuda:0')[0m
[0;30m[2020-11-30 17:09:16] [INFO] fpn epoch : 14, train acc : 0.3813043534755707, test acc : 0.3723357915878296[0m
[0;30m[2020-11-30 17:09:16] [INFO] tensor([[3.2346e-08, 3.1638e-03, 9.5439e-01, 1.6688e-05, 9.4170e-06, 9.7543e-10,
         4.2344e-02, 2.9500e-11, 7.3084e-05, 8.1235e-07],
        [4.7679e-08, 2.4236e-02, 8.7422e-01, 4.2060e-05, 2.3477e-05, 2.0311e-09,
         1.0103e-01, 1.9912e-10, 4.4370e-04, 6.0491e-06],
        [7.0977e-09, 3.7278e-03, 9.9377e-01, 7.2349e-06, 3.5056e-06, 2.2162e-10,
         2.4062e-03, 4.0296e-11, 8.0629e-05, 9.4898e-07],
        [1.8868e-08, 4.4061e-03, 9.7641e-01, 1.8040e-05, 9.5345e-06, 8.3067e-10,
         1.9050e-02, 6.1760e-11, 1.0715e-04, 1.1674e-06],
        [2.9121e-09, 5.1270e-02, 9.4581e-01, 8.6736e-06, 3.4067e-06, 1.5676e-10,
         2.8487e-03, 5.4366e-11, 5.3771e-05, 8.5549e-07]], device='cuda:0')[0m
[0;30m[2020-11-30 17:09:16] [INFO] fpn epoch : 15, train acc : 0.3863043487071991, test acc : 0.3784254193305969[0m
[0;30m[2020-11-30 17:09:16] [INFO] tensor([[1.2467e-08, 2.1285e-03, 9.6562e-01, 1.0780e-05, 5.5728e-06, 3.3140e-10,
         3.2184e-02, 1.0719e-11, 4.5985e-05, 5.3770e-07],
        [1.5717e-08, 1.3216e-02, 9.3223e-01, 2.4371e-05, 1.2406e-05, 6.0057e-10,
         5.4267e-02, 7.2287e-11, 2.4891e-04, 3.8328e-06],
        [2.3037e-09, 1.9983e-03, 9.9659e-01, 3.9677e-06, 1.7300e-06, 6.1015e-11,
         1.3658e-03, 1.3534e-11, 4.4548e-05, 5.3270e-07],
        [7.2146e-09, 2.5947e-03, 9.8262e-01, 1.1597e-05, 5.6454e-06, 2.8681e-10,
         1.4712e-02, 2.2340e-11, 5.9977e-05, 6.9419e-07],
        [9.4176e-10, 3.1685e-02, 9.6657e-01, 4.9551e-06, 1.7547e-06, 4.4016e-11,
         1.7099e-03, 1.8271e-11, 2.3489e-05, 4.6970e-07]], device='cuda:0')[0m
[0;30m[2020-11-30 17:09:17] [INFO] fpn epoch : 16, train acc : 0.38945654034614563, test acc : 0.37494564056396484[0m
[0;30m[2020-11-30 17:09:17] [INFO] tensor([[6.9633e-09, 4.2164e-03, 9.5495e-01, 9.1190e-06, 4.3616e-06, 1.5059e-10,
         4.0784e-02, 6.2801e-12, 4.0767e-05, 5.2863e-07],
        [7.2645e-09, 1.9697e-02, 9.2799e-01, 1.7773e-05, 8.3164e-06, 2.3032e-10,
         5.2103e-02, 3.9434e-11, 1.8306e-04, 3.3515e-06],
        [1.2165e-09, 3.1669e-03, 9.9538e-01, 3.1730e-06, 1.2621e-06, 2.5467e-11,
         1.4068e-03, 7.9472e-12, 3.7240e-05, 4.7926e-07],
        [4.2200e-09, 4.1791e-03, 9.7620e-01, 1.0287e-05, 4.6627e-06, 1.4089e-10,
         1.9559e-02, 1.3581e-11, 4.9342e-05, 6.3618e-07],
        [4.2648e-10, 5.1031e-02, 9.4726e-01, 3.4818e-06, 1.1258e-06, 1.6068e-11,
         1.6892e-03, 9.0427e-12, 1.4456e-05, 3.7870e-07]], device='cuda:0')[0m
[0;30m[2020-11-30 17:09:17] [INFO] fpn epoch : 17, train acc : 0.39347827434539795, test acc : 0.3806002736091614[0m
[0;30m[2020-11-30 17:09:17] [INFO] tensor([[3.9349e-09, 7.3421e-03, 9.4751e-01, 7.5574e-06, 3.3815e-06, 6.9717e-11,
         4.5099e-02, 4.0187e-12, 3.3409e-05, 4.9058e-07],
        [3.6506e-09, 2.8965e-02, 9.2023e-01, 1.3353e-05, 5.7990e-06, 9.5711e-11,
         5.0650e-02, 2.4567e-11, 1.3502e-04, 2.9271e-06],
        [6.4729e-10, 4.5003e-03, 9.9421e-01, 2.4659e-06, 9.0695e-07, 1.0812e-11,
         1.2605e-03, 5.0352e-12, 2.8817e-05, 4.0586e-07],
        [2.5162e-09, 6.0518e-03, 9.7110e-01, 8.9232e-06, 3.8076e-06, 7.0423e-11,
         2.2798e-02, 9.0328e-12, 3.7948e-05, 5.5025e-07],
        [2.1759e-10, 7.8217e-02, 9.2009e-01, 2.5929e-06, 7.7549e-07, 6.5546e-12,
         1.6812e-03, 5.2678e-12, 9.5338e-06, 3.1965e-07]], device='cuda:0')[0m
[0;30m[2020-11-30 17:09:17] [INFO] fpn epoch : 18, train acc : 0.39597827196121216, test acc : 0.38277512788772583[0m
[0;30m[2020-11-30 17:09:18] [INFO] tensor([[1.7561e-09, 4.8471e-03, 9.6837e-01, 5.0537e-06, 2.1104e-06, 2.7730e-11,
         2.6754e-02, 2.0501e-12, 1.9113e-05, 3.1935e-07],
        [1.6262e-09, 1.8001e-02, 9.5018e-01, 8.7761e-06, 3.5607e-06, 3.7717e-11,
         3.1729e-02, 1.3186e-11, 7.8698e-05, 2.0041e-06],
        [2.6689e-10, 2.5573e-03, 9.9680e-01, 1.5125e-06, 5.1475e-07, 3.8614e-12,
         6.2872e-04, 2.5081e-12, 1.5403e-05, 2.4126e-07],
        [1.2185e-09, 3.5787e-03, 9.8111e-01, 6.3499e-06, 2.5476e-06, 3.0692e-11,
         1.5278e-02, 4.9349e-12, 2.1003e-05, 3.4393e-07],
        [1.0565e-10, 5.4436e-02, 9.4443e-01, 1.8384e-06, 5.1079e-07, 2.7116e-12,
         1.1299e-03, 2.9326e-12, 5.6563e-06, 2.2539e-07]], device='cuda:0')[0m
[0;30m[2020-11-30 17:09:18] [INFO] fpn epoch : 19, train acc : 0.3977173864841461, test acc : 0.3823401629924774[0m
[0;30m[2020-11-30 17:09:18] [INFO] tensor([[1.0399e-09, 6.4034e-03, 9.6720e-01, 4.2191e-06, 1.6414e-06, 1.4162e-11,
         2.6375e-02, 1.3927e-12, 1.4757e-05, 2.7577e-07],
        [9.7170e-10, 2.1346e-02, 9.4399e-01, 7.1426e-06, 2.7145e-06, 1.9164e-11,
         3.4594e-02, 9.1827e-12, 6.1363e-05, 1.7707e-06],
        [1.5376e-10, 2.8785e-03, 9.9654e-01, 1.2126e-06, 3.8262e-07, 1.8687e-12,
         5.7058e-04, 1.7146e-12, 1.1430e-05, 1.9507e-07],
        [7.6857e-10, 3.9660e-03, 9.7927e-01, 5.5343e-06, 2.0795e-06, 1.6641e-11,
         1.6743e-02, 3.5412e-12, 1.5562e-05, 2.8078e-07],
        [6.2914e-11, 6.8444e-02, 9.3031e-01, 1.4776e-06, 3.8366e-07, 1.3317e-12,
         1.2401e-03, 1.9450e-12, 4.2661e-06, 1.9324e-07]], device='cuda:0')[0m
[0;30m[2020-11-30 17:09:18] [INFO] fpn epoch : 20, train acc : 0.4001086950302124, test acc : 0.38755980134010315[0m
[0;30m[2020-11-30 17:09:18] [INFO] tensor([[6.2521e-10, 9.3876e-03, 9.6885e-01, 3.5337e-06, 1.2819e-06, 7.4162e-12,
         2.1743e-02, 1.0165e-12, 1.1628e-05, 2.4240e-07],
        [5.8394e-10, 2.6857e-02, 9.4305e-01, 5.7841e-06, 2.0616e-06, 9.9220e-12,
         3.0039e-02, 6.7085e-12, 4.8675e-05, 1.5557e-06],
        [8.9741e-11, 3.5190e-03, 9.9605e-01, 9.7000e-07, 2.8514e-07, 9.2962e-13,
         4.1765e-04, 1.2479e-12, 8.5678e-06, 1.5848e-07],
        [4.7625e-10, 4.9019e-03, 9.8103e-01, 4.7359e-06, 1.6573e-06, 8.9069e-12,
         1.4047e-02, 2.6847e-12, 1.1751e-05, 2.3148e-07],
        [3.8578e-11, 9.7967e-02, 9.0087e-01, 1.1979e-06, 2.9299e-07, 6.7943e-13,
         1.1566e-03, 1.3832e-12, 3.3613e-06, 1.7494e-07]], device='cuda:0')[0m
[0;30m[2020-11-30 17:09:18] [INFO] fpn epoch : 21, train acc : 0.39989131689071655, test acc : 0.38755980134010315[0m
[0;30m[2020-11-30 17:09:19] [INFO] tensor([[3.8379e-10, 7.1151e-03, 9.7142e-01, 2.9342e-06, 9.9834e-07, 4.2833e-12,
         2.1449e-02, 6.8733e-13, 8.3848e-06, 1.8910e-07],
        [3.5838e-10, 1.8223e-02, 9.4971e-01, 4.6526e-06, 1.5667e-06, 5.6642e-12,
         3.2022e-02, 4.5792e-12, 3.6485e-05, 1.2382e-06],
        [5.0511e-11, 2.2365e-03, 9.9741e-01, 7.2966e-07, 2.0148e-07, 4.8220e-13,
         3.4637e-04, 8.0093e-13, 5.6143e-06, 1.0987e-07],
        [2.8471e-10, 3.3026e-03, 9.8331e-01, 3.7973e-06, 1.2466e-06, 4.9464e-12,
         1.3379e-02, 1.8118e-12, 7.8983e-06, 1.6432e-07],
        [2.5186e-11, 7.8073e-02, 9.2055e-01, 1.0038e-06, 2.3296e-07, 3.9725e-13,
         1.3776e-03, 9.5578e-13, 2.5724e-06, 1.4137e-07]], device='cuda:0')[0m
[0;30m[2020-11-30 17:09:19] [INFO] fpn epoch : 22, train acc : 0.4030434787273407, test acc : 0.38842976093292236[0m
[0;30m[2020-11-30 17:09:19] [INFO] tensor([[2.3517e-10, 7.5187e-03, 9.7558e-01, 2.4416e-06, 7.8112e-07, 2.4964e-12,
         1.6887e-02, 5.0898e-13, 6.3605e-06, 1.5630e-07],
        [2.2193e-10, 1.8732e-02, 9.5456e-01, 3.7840e-06, 1.2074e-06, 3.3039e-12,
         2.6674e-02, 3.4385e-12, 2.9312e-05, 1.0562e-06],
        [2.9605e-11, 1.9886e-03, 9.9776e-01, 5.7129e-07, 1.4859e-07, 2.6452e-13,
         2.4242e-04, 5.8132e-13, 3.9971e-06, 8.3503e-08],
        [1.6851e-10, 3.1322e-03, 9.8652e-01, 3.0339e-06, 9.3807e-07, 2.7594e-12,
         1.0342e-02, 1.3454e-12, 5.6799e-06, 1.2497e-07],
        [1.5945e-11, 8.4405e-02, 9.1436e-01, 8.1641e-07, 1.8059e-07, 2.3064e-13,
         1.2288e-03, 6.9838e-13, 1.9995e-06, 1.2237e-07]], device='cuda:0')[0m
[0;30m[2020-11-30 17:09:19] [INFO] fpn epoch : 23, train acc : 0.40532609820365906, test acc : 0.3892996907234192[0m
[0;30m[2020-11-30 17:09:20] [INFO] tensor([[1.7224e-10, 9.5539e-03, 9.6883e-01, 2.2998e-06, 7.0050e-07, 1.7618e-12,
         2.1610e-02, 4.3334e-13, 5.6950e-06, 1.4854e-07],
        [1.6412e-10, 2.4109e-02, 9.4018e-01, 3.4836e-06, 1.0630e-06, 2.2978e-12,
         3.5681e-02, 2.9370e-12, 2.7699e-05, 1.0216e-06],
        [2.1397e-11, 2.2278e-03, 9.9749e-01, 5.2213e-07, 1.2950e-07, 1.8120e-13,
         2.8149e-04, 4.9537e-13, 3.4479e-06, 7.4839e-08],
        [1.1941e-10, 3.8860e-03, 9.8320e-01, 2.7483e-06, 8.1179e-07, 1.8587e-12,
         1.2904e-02, 1.1479e-12, 4.9124e-06, 1.1081e-07],
        [1.1591e-11, 1.0407e-01, 8.9425e-01, 7.2490e-07, 1.5454e-07, 1.5606e-13,
         1.6841e-03, 5.5823e-13, 1.7472e-06, 1.1347e-07]], device='cuda:0')[0m
[0;30m[2020-11-30 17:09:20] [INFO] fpn epoch : 24, train acc : 0.4080434739589691, test acc : 0.39277946949005127[0m
[0;30m[2020-11-30 17:09:20] [INFO] tensor([[1.1022e-10, 1.0106e-02, 9.7146e-01, 1.9103e-06, 5.5701e-07, 1.1033e-12,
         1.8428e-02, 3.4584e-13, 4.4794e-06, 1.2549e-07],
        [1.0647e-10, 2.7279e-02, 9.4153e-01, 2.8229e-06, 8.2874e-07, 1.4156e-12,
         3.1165e-02, 2.3326e-12, 2.3125e-05, 8.8638e-07],
        [1.3682e-11, 2.1457e-03, 9.9763e-01, 4.2200e-07, 1.0054e-07, 1.1163e-13,
         2.2553e-04, 3.9450e-13, 2.6437e-06, 5.9986e-08],
        [7.6389e-11, 4.7459e-03, 9.8407e-01, 2.2596e-06, 6.3961e-07, 1.1317e-12,
         1.1177e-02, 9.4966e-13, 3.9334e-06, 9.1826e-08],
        [7.9574e-12, 1.1650e-01, 8.8187e-01, 6.1554e-07, 1.2707e-07, 1.0282e-13,
         1.6230e-03, 4.5756e-13, 1.4532e-06, 1.0357e-07]], device='cuda:0')[0m
[0;30m[2020-11-30 17:09:20] [INFO] fpn epoch : 25, train acc : 0.41076087951660156, test acc : 0.3940843939781189[0m
[0;30m[2020-11-30 17:09:21] [INFO] tensor([[7.4831e-11, 8.1547e-03, 9.7249e-01, 1.6194e-06, 4.5716e-07, 7.5144e-13,
         1.9354e-02, 2.7920e-13, 3.5431e-06, 1.0449e-07],
        [7.4822e-11, 2.4839e-02, 9.3899e-01, 2.3685e-06, 6.7684e-07, 9.5121e-13,
         3.6151e-02, 1.8971e-12, 1.9950e-05, 7.7626e-07],
        [9.2075e-12, 1.6386e-03, 9.9813e-01, 3.4455e-07, 7.9734e-08, 7.3506e-14,
         2.2719e-04, 3.1190e-13, 2.0311e-06, 4.7029e-08],
        [5.2266e-11, 4.8056e-03, 9.8240e-01, 1.9088e-06, 5.2255e-07, 7.4203e-13,
         1.2791e-02, 7.9572e-13, 3.2522e-06, 7.7158e-08],
        [5.8964e-12, 1.0280e-01, 8.9513e-01, 5.4696e-07, 1.1025e-07, 7.4842e-14,
         2.0738e-03, 3.8477e-13, 1.2337e-06, 9.1482e-08]], device='cuda:0')[0m
[0;30m[2020-11-30 17:09:21] [INFO] fpn epoch : 26, train acc : 0.4122826159000397, test acc : 0.3945193588733673[0m
[0;30m[2020-11-30 17:09:21] [INFO] tensor([[4.6774e-11, 7.5206e-03, 9.7864e-01, 1.2730e-06, 3.5054e-07, 4.6153e-13,
         1.3830e-02, 2.2880e-13, 2.6863e-06, 8.4782e-08],
        [5.1399e-11, 2.7780e-02, 9.4115e-01, 1.9480e-06, 5.4551e-07, 6.1400e-13,
         3.1047e-02, 1.6371e-12, 1.7449e-05, 7.0315e-07],
        [5.9082e-12, 1.5028e-03, 9.9833e-01, 2.6831e-07, 6.0806e-08, 4.5368e-14,
         1.6643e-04, 2.5702e-13, 1.5413e-06, 3.6845e-08],
        [3.2737e-11, 5.5391e-03, 9.8423e-01, 1.4885e-06, 3.9588e-07, 4.4157e-13,
         1.0228e-02, 6.7805e-13, 2.6162e-06, 6.4128e-08],
        [4.0629e-12, 1.0144e-01, 8.9676e-01, 4.5341e-07, 8.9827e-08, 5.0107e-14,
         1.7980e-03, 3.2756e-13, 1.0023e-06, 7.9531e-08]], device='cuda:0')[0m
[0;30m[2020-11-30 17:09:21] [INFO] fpn epoch : 27, train acc : 0.41423913836479187, test acc : 0.3945193588733673[0m
[0;30m[2020-11-30 17:09:21] [INFO] tensor([[3.2156e-11, 7.2623e-03, 9.7992e-01, 1.0639e-06, 2.8797e-07, 3.0725e-13,
         1.2815e-02, 2.0274e-13, 2.1908e-06, 7.3439e-08],
        [3.9401e-11, 3.2678e-02, 9.2987e-01, 1.7233e-06, 4.7766e-07, 4.3599e-13,
         3.7437e-02, 1.5281e-12, 1.6569e-05, 6.8705e-07],
        [4.1391e-12, 1.4530e-03, 9.9838e-01, 2.2115e-07, 4.9574e-08, 3.0360e-14,
         1.6174e-04, 2.2787e-13, 1.2556e-06, 3.0553e-08],
        [2.2031e-11, 6.4828e-03, 9.8284e-01, 1.2120e-06, 3.1665e-07, 2.8064e-13,
         1.0675e-02, 6.1189e-13, 2.2362e-06, 5.5990e-08],
        [2.9689e-12, 1.0026e-01, 8.9773e-01, 3.8456e-07, 7.5544e-08, 3.5203e-14,
         2.0146e-03, 2.8682e-13, 8.3160e-07, 6.7909e-08]], device='cuda:0')[0m
[0;30m[2020-11-30 17:09:21] [INFO] fpn epoch : 28, train acc : 0.41565218567848206, test acc : 0.39234450459480286[0m
[0;30m[2020-11-30 17:09:22] [INFO] tensor([[2.0309e-11, 7.3919e-03, 9.8336e-01, 8.2976e-07, 2.2096e-07, 1.8731e-13,
         9.2468e-03, 1.8047e-13, 1.6783e-06, 6.1131e-08],
        [2.7335e-11, 3.8794e-02, 9.2703e-01, 1.3962e-06, 3.8418e-07, 2.7879e-13,
         3.4164e-02, 1.4085e-12, 1.4512e-05, 6.2880e-07],
        [2.6611e-12, 1.4543e-03, 9.9842e-01, 1.6913e-07, 3.7651e-08, 1.8637e-14,
         1.2125e-04, 2.0282e-13, 9.6189e-07, 2.4188e-08],
        [1.3848e-11, 7.9817e-03, 9.8351e-01, 9.3958e-07, 2.4133e-07, 1.6743e-13,
         8.5016e-03, 5.7436e-13, 1.8477e-06, 4.7894e-08],
        [2.0350e-12, 1.0618e-01, 8.9205e-01, 3.0698e-07, 6.0019e-08, 2.3114e-14,
         1.7651e-03, 2.5470e-13, 6.5392e-07, 5.6857e-08]], device='cuda:0')[0m
[0;30m[2020-11-30 17:09:22] [INFO] fpn epoch : 29, train acc : 0.4169565439224243, test acc : 0.3953893184661865[0m
[0;30m[2020-11-30 17:09:22] [INFO] tensor([[1.3863e-11, 7.2974e-03, 9.8394e-01, 6.8160e-07, 1.7896e-07, 1.2462e-13,
         8.7615e-03, 1.6968e-13, 1.3500e-06, 5.2433e-08],
        [2.0169e-11, 4.2931e-02, 9.1610e-01, 1.1724e-06, 3.2127e-07, 1.8989e-13,
         4.0951e-02, 1.3513e-12, 1.3040e-05, 5.7858e-07],
        [1.8353e-12, 1.3911e-03, 9.9849e-01, 1.3517e-07, 2.9943e-08, 1.2322e-14,
         1.1858e-04, 1.8810e-13, 7.6727e-07, 1.9719e-08],
        [9.4045e-12, 9.1188e-03, 9.8211e-01, 7.6691e-07, 1.9350e-07, 1.0903e-13,
         8.7698e-03, 5.6801e-13, 1.5881e-06, 4.2302e-08],
        [1.5099e-12, 1.0675e-01, 8.9118e-01, 2.5673e-07, 5.0140e-08, 1.6402e-14,
         2.0757e-03, 2.3690e-13, 5.3375e-07, 4.7594e-08]], device='cuda:0')[0m
[0;30m[2020-11-30 17:09:22] [INFO] fpn epoch : 30, train acc : 0.41750001907348633, test acc : 0.3953893184661865[0m
[0;30m[2020-11-30 17:09:23] [INFO] tensor([[9.2314e-12, 7.8054e-03, 9.8499e-01, 5.4951e-07, 1.4172e-07, 8.0945e-14,
         7.2018e-03, 1.6301e-13, 1.0733e-06, 4.4553e-08],
        [1.4149e-11, 4.9932e-02, 9.1068e-01, 9.4682e-07, 2.5718e-07, 1.2409e-13,
         3.9376e-02, 1.2966e-12, 1.1192e-05, 5.1126e-07],
        [1.2342e-12, 1.4201e-03, 9.9848e-01, 1.0625e-07, 2.3324e-08, 7.9263e-15,
         9.7281e-05, 1.7784e-13, 6.0356e-07, 1.6049e-08],
        [6.2498e-12, 1.0787e-02, 9.8176e-01, 6.1246e-07, 1.5131e-07, 6.9505e-14,
         7.4535e-03, 5.7387e-13, 1.3379e-06, 3.7037e-08],
        [1.1040e-12, 1.1461e-01, 8.8333e-01, 2.1197e-07, 4.1213e-08, 1.1460e-14,
         2.0568e-03, 2.2683e-13, 4.3200e-07, 3.9945e-08]], device='cuda:0')[0m
[0;30m[2020-11-30 17:09:23] [INFO] fpn epoch : 31, train acc : 0.41956523060798645, test acc : 0.39669421315193176[0m
[0;30m[2020-11-30 17:09:23] [INFO] tensor([[6.8591e-12, 8.9925e-03, 9.8341e-01, 4.7944e-07, 1.2135e-07, 5.8289e-14,
         7.5912e-03, 1.6271e-13, 9.1941e-07, 4.0009e-08],
        [1.0845e-11, 6.1412e-02, 8.9169e-01, 8.1801e-07, 2.1980e-07, 8.9653e-14,
         4.6885e-02, 1.2840e-12, 1.0167e-05, 4.6689e-07],
        [9.1374e-13, 1.5413e-03, 9.9836e-01, 8.9846e-08, 1.9476e-08, 5.6033e-15,
         1.0026e-04, 1.7492e-13, 5.0905e-07, 1.3913e-08],
        [4.6335e-12, 1.3326e-02, 9.7858e-01, 5.2741e-07, 1.2786e-07, 4.9112e-14,
         8.0888e-03, 5.9973e-13, 1.2049e-06, 3.4244e-08],
        [8.7280e-13, 1.2927e-01, 8.6820e-01, 1.8459e-07, 3.5674e-08, 8.6595e-15,
         2.5322e-03, 2.2149e-13, 3.6835e-07, 3.4584e-08]], device='cuda:0')[0m
[0;30m[2020-11-30 17:09:23] [INFO] fpn epoch : 32, train acc : 0.4206521809101105, test acc : 0.39669421315193176[0m
[0;30m[2020-11-30 17:09:23] [INFO] tensor([[5.2149e-12, 1.2205e-02, 9.8039e-01, 4.2480e-07, 1.0523e-07, 4.2531e-14,
         7.4042e-03, 1.6250e-13, 8.0839e-07, 3.7084e-08],
        [8.4303e-12, 8.7318e-02, 8.6311e-01, 7.1657e-07, 1.9005e-07, 6.5729e-14,
         4.9562e-02, 1.2695e-12, 9.3357e-06, 4.3445e-07],
        [6.9116e-13, 1.9574e-03, 9.9795e-01, 7.7358e-08, 1.6490e-08, 4.0162e-15,
         9.5078e-05, 1.7301e-13, 4.4093e-07, 1.2425e-08],
        [3.5703e-12, 1.9689e-02, 9.7200e-01, 4.6784e-07, 1.1137e-07, 3.5897e-14,
         8.3047e-03, 6.3448e-13, 1.1194e-06, 3.3069e-08],
        [6.8075e-13, 1.6915e-01, 8.2813e-01, 1.5874e-07, 3.0382e-08, 6.3576e-15,
         2.7148e-03, 2.1251e-13, 3.1596e-07, 3.0784e-08]], device='cuda:0')[0m
[0;30m[2020-11-30 17:09:23] [INFO] fpn epoch : 33, train acc : 0.4197826087474823, test acc : 0.39712920784950256[0m
[0;30m[2020-11-30 17:09:24] [INFO] tensor([[4.2145e-12, 1.8513e-02, 9.7338e-01, 3.9235e-07, 9.4873e-08, 3.2519e-14,
         8.1025e-03, 1.6188e-13, 7.5117e-07, 3.6126e-08],
        [6.7704e-12, 1.3146e-01, 8.1102e-01, 6.4016e-07, 1.6700e-07, 4.9388e-14,
         5.7512e-02, 1.2231e-12, 8.7143e-06, 4.1129e-07],
        [5.5672e-13, 2.7614e-03, 9.9713e-01, 7.0071e-08, 1.4608e-08, 3.0334e-15,
         1.0340e-04, 1.7155e-13, 4.0489e-07, 1.1685e-08],
        [2.9221e-12, 3.1402e-02, 9.5882e-01, 4.3317e-07, 1.0142e-07, 2.7720e-14,
         9.7771e-03, 6.6279e-13, 1.0858e-06, 3.3285e-08],
        [5.4165e-13, 2.4041e-01, 7.5641e-01, 1.3782e-07, 2.6007e-08, 4.6730e-15,
         3.1759e-03, 1.9798e-13, 2.7946e-07, 2.8312e-08]], device='cuda:0')[0m
[0;30m[2020-11-30 17:09:24] [INFO] fpn epoch : 34, train acc : 0.4194565415382385, test acc : 0.39973902702331543[0m
[0;30m[2020-11-30 17:09:24] [INFO] tensor([[3.3181e-12, 1.8325e-02, 9.7188e-01, 3.5234e-07, 8.3049e-08, 2.4707e-14,
         9.7908e-03, 1.4656e-13, 6.6546e-07, 3.2329e-08],
        [5.4620e-12, 1.2634e-01, 7.9954e-01, 5.7320e-07, 1.4650e-07, 3.7702e-14,
         7.4115e-02, 1.1066e-12, 7.8921e-06, 3.6766e-07],
        [4.3345e-13, 2.5193e-03, 9.9736e-01, 6.1094e-08, 1.2416e-08, 2.2386e-15,
         1.2396e-04, 1.5254e-13, 3.5273e-07, 1.0138e-08],
        [2.3383e-12, 3.2847e-02, 9.5417e-01, 3.9179e-07, 8.9793e-08, 2.1094e-14,
         1.2979e-02, 6.2559e-13, 1.0026e-06, 3.0810e-08],
        [4.5966e-13, 2.4274e-01, 7.5282e-01, 1.2854e-07, 2.3796e-08, 3.7614e-15,
         4.4442e-03, 1.8808e-13, 2.5990e-07, 2.5979e-08]], device='cuda:0')[0m
[0;30m[2020-11-30 17:09:24] [INFO] fpn epoch : 35, train acc : 0.4188043475151062, test acc : 0.40147891640663147[0m
[0;30m[2020-11-30 17:09:25] [INFO] tensor([[1.8362e-12, 4.0734e-03, 9.9017e-01, 2.3622e-07, 5.4655e-08, 1.4853e-14,
         5.7592e-03, 8.8853e-14, 3.7552e-07, 1.7648e-08],
        [3.2845e-12, 2.5777e-02, 9.2910e-01, 3.9568e-07, 1.0070e-07, 2.3047e-14,
         4.5120e-02, 7.0267e-13, 4.7957e-06, 2.1332e-07],
        [2.2488e-13, 5.4310e-04, 9.9939e-01, 3.7040e-08, 7.4104e-09, 1.2119e-15,
         6.7613e-05, 8.6515e-14, 1.8917e-07, 5.2884e-09],
        [1.2740e-12, 7.9188e-03, 9.8414e-01, 2.5451e-07, 5.7767e-08, 1.1816e-14,
         7.9388e-03, 3.8343e-13, 5.7512e-07, 1.7280e-08],
        [3.4794e-13, 6.7011e-02, 9.2944e-01, 1.1307e-07, 2.0663e-08, 3.0144e-15,
         3.5506e-03, 1.5450e-13, 1.9334e-07, 1.8159e-08]], device='cuda:0')[0m
[0;30m[2020-11-30 17:09:25] [INFO] fpn epoch : 36, train acc : 0.42456522583961487, test acc : 0.3932144343852997[0m
[0;30m[2020-11-30 17:09:25] [INFO] tensor([[1.0443e-12, 1.4835e-03, 9.9577e-01, 1.6467e-07, 3.7561e-08, 9.1777e-15,
         2.7432e-03, 6.0302e-14, 2.2951e-07, 1.0595e-08],
        [2.0205e-12, 9.5045e-03, 9.6776e-01, 2.8431e-07, 7.2241e-08, 1.4730e-14,
         2.2733e-02, 5.0118e-13, 3.1179e-06, 1.3308e-07],
        [1.3233e-13, 2.2935e-04, 9.9974e-01, 2.6060e-08, 5.1564e-09, 7.5134e-16,
         3.3504e-05, 6.1506e-14, 1.2141e-07, 3.3354e-09],
        [7.1681e-13, 3.3879e-03, 9.9266e-01, 1.7608e-07, 3.9548e-08, 6.9581e-15,
         3.9511e-03, 2.7011e-13, 3.6423e-07, 1.0900e-08],
        [2.3178e-13, 2.5622e-02, 9.7248e-01, 8.9221e-08, 1.6145e-08, 2.1358e-15,
         1.9008e-03, 1.1962e-13, 1.3109e-07, 1.1933e-08]], device='cuda:0')[0m
[0;30m[2020-11-30 17:09:25] [INFO] fpn epoch : 37, train acc : 0.4223913252353668, test acc : 0.3892996907234192[0m
[0;30m[2020-11-30 17:09:25] [INFO] tensor([[1.2205e-12, 4.7282e-03, 9.8946e-01, 2.0584e-07, 4.6118e-08, 9.8556e-15,
         5.8120e-03, 8.3063e-14, 3.1247e-07, 1.4205e-08],
        [2.6465e-12, 3.7390e-02, 9.0187e-01, 3.9405e-07, 9.7930e-08, 1.8353e-14,
         6.0737e-02, 7.5548e-13, 4.6041e-06, 1.8991e-07],
        [1.6707e-13, 7.6374e-04, 9.9916e-01, 3.5088e-08, 6.7831e-09, 8.7407e-16,
         7.9858e-05, 9.0972e-14, 1.7383e-07, 4.6462e-09],
        [8.9442e-13, 1.2456e-02, 9.7801e-01, 2.3854e-07, 5.2592e-08, 8.3913e-15,
         9.5360e-03, 4.0895e-13, 5.3123e-07, 1.5599e-08],
        [2.5690e-13, 7.4470e-02, 9.2150e-01, 1.0404e-07, 1.8475e-08, 2.1589e-15,
         4.0253e-03, 1.4827e-13, 1.5829e-07, 1.3929e-08]], device='cuda:0')[0m
[0;30m[2020-11-30 17:09:25] [INFO] fpn epoch : 38, train acc : 0.4261956512928009, test acc : 0.39669421315193176[0m
[0;30m[2020-11-30 17:09:26] [INFO] tensor([[1.1593e-12, 1.3178e-02, 9.8242e-01, 2.1685e-07, 4.7277e-08, 9.1082e-15,
         4.4031e-03, 9.7262e-14, 3.2438e-07, 1.5693e-08],
        [2.4219e-12, 1.0557e-01, 8.4695e-01, 3.9194e-07, 9.4406e-08, 1.6547e-14,
         4.7479e-02, 8.1667e-13, 4.3743e-06, 1.9034e-07],
        [1.6571e-13, 1.9791e-03, 9.9795e-01, 3.8173e-08, 7.1673e-09, 8.4688e-16,
         6.6340e-05, 1.0939e-13, 1.8202e-07, 5.1086e-09],
        [9.0160e-13, 3.3336e-02, 9.5886e-01, 2.6456e-07, 5.6900e-08, 8.6010e-15,
         7.8075e-03, 5.1328e-13, 5.7221e-07, 1.7915e-08],
        [2.3182e-13, 2.0058e-01, 7.9667e-01, 1.0045e-07, 1.7451e-08, 1.8405e-15,
         2.7441e-03, 1.5783e-13, 1.4904e-07, 1.4207e-08]], device='cuda:0')[0m
[0;30m[2020-11-30 17:09:26] [INFO] fpn epoch : 39, train acc : 0.4242391288280487, test acc : 0.4019138813018799[0m
[0;30m[2020-11-30 17:09:26] [INFO] tensor([[9.6896e-13, 2.7463e-03, 9.9259e-01, 1.8352e-07, 4.0165e-08, 8.4633e-15,
         4.6660e-03, 6.6240e-14, 2.1329e-07, 9.5721e-09],
        [1.9447e-12, 1.4654e-02, 9.3376e-01, 3.0507e-07, 7.5337e-08, 1.3954e-14,
         5.1586e-02, 5.0335e-13, 2.6380e-06, 1.0737e-07],
        [1.2647e-13, 3.3531e-04, 9.9960e-01, 2.8908e-08, 5.4864e-09, 7.0001e-16,
         6.5643e-05, 6.7985e-14, 1.0967e-07, 2.8873e-09],
        [6.9282e-13, 5.5274e-03, 9.8632e-01, 2.0291e-07, 4.4392e-08, 7.0028e-15,
         8.1512e-03, 3.3043e-13, 3.4795e-07, 1.0127e-08],
        [2.4244e-13, 4.4876e-02, 9.5126e-01, 1.0122e-07, 1.7886e-08, 2.0791e-15,
         3.8622e-03, 1.2916e-13, 1.1600e-07, 9.9481e-09]], device='cuda:0')[0m
[0;30m[2020-11-30 17:09:26] [INFO] fpn epoch : 40, train acc : 0.42750000953674316, test acc : 0.3953893184661865[0m
[0;30m[2020-11-30 17:09:27] [INFO] tensor([[9.1339e-13, 6.9601e-03, 9.9039e-01, 1.8267e-07, 3.9731e-08, 7.4156e-15,
         2.6492e-03, 8.0873e-14, 2.3661e-07, 1.1274e-08],
        [1.9738e-12, 3.3848e-02, 9.3601e-01, 3.2205e-07, 7.9509e-08, 1.3180e-14,
         3.0134e-02, 6.3267e-13, 3.0100e-06, 1.2786e-07],
        [1.2140e-13, 7.8498e-04, 9.9918e-01, 2.9112e-08, 5.5132e-09, 6.2181e-16,
         3.6351e-05, 8.3879e-14, 1.2034e-07, 3.2877e-09],
        [6.7444e-13, 1.4450e-02, 9.8090e-01, 2.1026e-07, 4.6230e-08, 6.3579e-15,
         4.6463e-03, 4.4210e-13, 4.1752e-07, 1.2741e-08],
        [2.2716e-13, 9.8789e-02, 8.9918e-01, 9.7198e-08, 1.7208e-08, 1.8060e-15,
         2.0296e-03, 1.4902e-13, 1.2293e-07, 1.1258e-08]], device='cuda:0')[0m
[0;30m[2020-11-30 17:09:27] [INFO] fpn epoch : 41, train acc : 0.43086957931518555, test acc : 0.40147891640663147[0m
[0;30m[2020-11-30 17:09:27] [INFO] tensor([[1.1571e-12, 1.0276e-02, 9.8463e-01, 2.1898e-07, 4.8232e-08, 9.1300e-15,
         5.0945e-03, 9.7507e-14, 2.8842e-07, 1.2995e-08],
        [2.7911e-12, 5.7484e-02, 8.7169e-01, 4.2282e-07, 1.0544e-07, 1.7618e-14,
         7.0826e-02, 8.2220e-13, 3.9365e-06, 1.5886e-07],
        [1.5769e-13, 1.2672e-03, 9.9866e-01, 3.5819e-08, 6.8705e-09, 7.7119e-16,
         7.0883e-05, 1.0470e-13, 1.4899e-07, 3.8834e-09],
        [8.0901e-13, 2.5036e-02, 9.6612e-01, 2.4070e-07, 5.3780e-08, 7.3058e-15,
         8.8403e-03, 5.3047e-13, 5.0444e-07, 1.4605e-08],
        [2.7246e-13, 1.3054e-01, 8.6557e-01, 1.0844e-07, 1.9436e-08, 2.0625e-15,
         3.8834e-03, 1.6141e-13, 1.3451e-07, 1.1429e-08]], device='cuda:0')[0m
[0;30m[2020-11-30 17:09:27] [INFO] fpn epoch : 42, train acc : 0.4288043677806854, test acc : 0.4032188057899475[0m
[0;30m[2020-11-30 17:09:27] [INFO] tensor([[9.2714e-13, 6.3783e-03, 9.9108e-01, 1.8031e-07, 4.0177e-08, 7.4730e-15,
         2.5430e-03, 8.1877e-14, 2.1387e-07, 9.6075e-09],
        [2.4423e-12, 4.1469e-02, 9.1988e-01, 3.6681e-07, 9.2907e-08, 1.5067e-14,
         3.8647e-02, 7.3376e-13, 3.1324e-06, 1.2641e-07],
        [1.2862e-13, 8.8083e-04, 9.9908e-01, 2.9475e-08, 5.7713e-09, 6.2897e-16,
         3.5279e-05, 9.0609e-14, 1.1394e-07, 2.9804e-09],
        [6.1266e-13, 1.8801e-02, 9.7699e-01, 1.8678e-07, 4.2594e-08, 5.4785e-15,
         4.2106e-03, 4.4779e-13, 3.7660e-07, 1.0967e-08],
        [2.4302e-13, 8.7994e-02, 9.1000e-01, 9.5986e-08, 1.7559e-08, 1.8347e-15,
         2.0087e-03, 1.4448e-13, 1.0690e-07, 9.0869e-09]], device='cuda:0')[0m
[0;30m[2020-11-30 17:09:27] [INFO] fpn epoch : 43, train acc : 0.4307608902454376, test acc : 0.3988690674304962[0m
[0;30m[2020-11-30 17:09:28] [INFO] tensor([[1.0024e-12, 6.0128e-03, 9.9049e-01, 1.8633e-07, 4.2097e-08, 7.8163e-15,
         3.4982e-03, 8.0813e-14, 2.0263e-07, 8.8773e-09],
        [2.6429e-12, 4.0043e-02, 9.0165e-01, 3.6708e-07, 9.4324e-08, 1.5218e-14,
         5.8307e-02, 6.9989e-13, 2.8951e-06, 1.1435e-07],
        [1.3658e-13, 8.4751e-04, 9.9911e-01, 2.9515e-08, 5.9303e-09, 6.4004e-16,
         4.7094e-05, 8.8354e-14, 1.0635e-07, 2.7194e-09],
        [6.0034e-13, 1.8061e-02, 9.7661e-01, 1.7549e-07, 4.0931e-08, 5.1615e-15,
         5.3238e-03, 4.2217e-13, 3.3637e-07, 9.5193e-09],
        [2.6875e-13, 8.3214e-02, 9.1383e-01, 9.8235e-08, 1.8382e-08, 1.9254e-15,
         2.9515e-03, 1.3845e-13, 9.9680e-08, 8.1880e-09]], device='cuda:0')[0m
[0;30m[2020-11-30 17:09:28] [INFO] fpn epoch : 44, train acc : 0.4301086962223053, test acc : 0.39669421315193176[0m
[0;30m[2020-11-30 17:09:28] [INFO] tensor([[1.0371e-12, 1.1348e-02, 9.8570e-01, 1.9594e-07, 4.3763e-08, 7.7683e-15,
         2.9568e-03, 8.9912e-14, 2.0892e-07, 9.5339e-09],
        [2.7289e-12, 7.2464e-02, 8.7575e-01, 3.7429e-07, 9.5110e-08, 1.4827e-14,
         5.1783e-02, 7.4128e-13, 2.8204e-06, 1.1501e-07],
        [1.4217e-13, 1.5521e-03, 9.9841e-01, 3.0873e-08, 6.1958e-09, 6.4336e-16,
         3.9994e-05, 9.7722e-14, 1.0678e-07, 2.8148e-09],
        [6.1201e-13, 3.3781e-02, 9.6183e-01, 1.8130e-07, 4.2113e-08, 5.2023e-15,
         4.3873e-03, 4.7643e-13, 3.4383e-07, 1.0055e-08],
        [2.6332e-13, 1.5047e-01, 8.4721e-01, 9.5284e-08, 1.7759e-08, 1.7900e-15,
         2.3190e-03, 1.4049e-13, 9.5265e-08, 8.2044e-09]], device='cuda:0')[0m
[0;30m[2020-11-30 17:09:28] [INFO] fpn epoch : 45, train acc : 0.4295652210712433, test acc : 0.399304062128067[0m
[0;30m[2020-11-30 17:09:29] [INFO] tensor([[1.1793e-12, 1.9652e-02, 9.7672e-01, 2.2401e-07, 4.9033e-08, 8.6265e-15,
         3.6314e-03, 1.0160e-13, 2.3372e-07, 1.0975e-08],
        [3.0784e-12, 1.1076e-01, 8.2267e-01, 4.1098e-07, 1.0264e-07, 1.5924e-14,
         6.6570e-02, 7.8581e-13, 2.9253e-06, 1.2240e-07],
        [1.5905e-13, 2.3741e-03, 9.9758e-01, 3.4404e-08, 6.8323e-09, 7.0830e-16,
         4.8535e-05, 1.0722e-13, 1.1303e-07, 3.0250e-09],
        [6.6493e-13, 5.1617e-02, 9.4318e-01, 1.9836e-07, 4.5512e-08, 5.7148e-15,
         5.2033e-03, 5.2972e-13, 3.6591e-07, 1.0876e-08],
        [2.6706e-13, 2.2697e-01, 7.7039e-01, 9.4822e-08, 1.7471e-08, 1.7757e-15,
         2.6389e-03, 1.3691e-13, 9.3932e-08, 8.3067e-09]], device='cuda:0')[0m
[0;30m[2020-11-30 17:09:29] [INFO] fpn epoch : 46, train acc : 0.4256521761417389, test acc : 0.40060895681381226[0m
[0;30m[2020-11-30 17:09:29] [INFO] tensor([[1.0788e-12, 1.5280e-02, 9.8122e-01, 2.0437e-07, 4.4410e-08, 7.4658e-15,
         3.4993e-03, 8.9951e-14, 2.0694e-07, 9.6581e-09],
        [3.0719e-12, 8.1398e-02, 8.4789e-01, 3.9393e-07, 9.8755e-08, 1.4447e-14,
         7.0712e-02, 7.2635e-13, 2.7137e-06, 1.1372e-07],
        [1.4454e-13, 1.6753e-03, 9.9828e-01, 3.0311e-08, 6.0862e-09, 6.0034e-16,
         4.6607e-05, 9.3521e-14, 9.7858e-08, 2.6024e-09],
        [5.9108e-13, 3.9872e-02, 9.5507e-01, 1.7342e-07, 4.0449e-08, 4.7131e-15,
         5.0587e-03, 4.8099e-13, 3.2508e-07, 9.6121e-09],
        [2.6778e-13, 1.6953e-01, 8.2760e-01, 9.1796e-08, 1.7042e-08, 1.6868e-15,
