[0;30m[2020-11-30 17:18:02] [INFO] dataset : esr[0m
[0;30m[2020-11-30 17:18:02] [INFO] prototype number : 10[0m
[0;30m[2020-11-30 17:18:02] [INFO] batch_size : 3000[0m
[0;30m[2020-11-30 17:18:02] [INFO] epoch_size : 500[0m
[0;34m[2020-11-30 17:18:05] [DEBUG] =====starting on ['esr']=======[0m
[0;32m[2020-11-30 17:18:05] [WARNING] =====Mission: Classification=======[0m
[0;32m[2020-11-30 17:18:05] [WARNING] =====k_fold: 1=======[0m
[0;30m[2020-11-30 17:18:44] [INFO] Accuracy of training data using SVM: 0.58%[0m
[0;30m[2020-11-30 17:18:44] [INFO] Accuracy of test data using SVM: 0.56%[0m
[0;30m[2020-11-30 17:19:07] [INFO] tensor([[0.0983, 0.0945, 0.1065, 0.1029, 0.1014, 0.1040, 0.1018, 0.0974, 0.0991,
         0.0941],
        [0.0981, 0.0949, 0.1048, 0.1019, 0.1009, 0.1043, 0.1016, 0.0984, 0.0993,
         0.0958],
        [0.0980, 0.0940, 0.1068, 0.1029, 0.1015, 0.1038, 0.1011, 0.0987, 0.0989,
         0.0943],
        [0.0970, 0.0952, 0.1055, 0.1028, 0.1016, 0.1028, 0.1022, 0.0977, 0.0997,
         0.0955],
        [0.0978, 0.0952, 0.1066, 0.1025, 0.1009, 0.1036, 0.1018, 0.0984, 0.0987,
         0.0944]], device='cuda:0')[0m
[0;30m[2020-11-30 17:19:07] [INFO] fpn epoch : 1, train acc : 0.15315218269824982, test acc : 0.15397998690605164[0m
[0;30m[2020-11-30 17:19:08] [INFO] tensor([[0.1009, 0.0890, 0.1163, 0.1076, 0.1039, 0.1086, 0.1008, 0.0905, 0.0968,
         0.0856],
        [0.1007, 0.0905, 0.1130, 0.1053, 0.1024, 0.1087, 0.1000, 0.0932, 0.0975,
         0.0887],
        [0.0999, 0.0887, 0.1177, 0.1077, 0.1041, 0.1075, 0.0982, 0.0935, 0.0967,
         0.0859],
        [0.0975, 0.0913, 0.1142, 0.1077, 0.1046, 0.1050, 0.1009, 0.0924, 0.0987,
         0.0878],
        [0.0995, 0.0915, 0.1175, 0.1062, 0.1022, 0.1072, 0.1004, 0.0930, 0.0960,
         0.0866]], device='cuda:0')[0m
[0;30m[2020-11-30 17:19:08] [INFO] fpn epoch : 2, train acc : 0.23195652663707733, test acc : 0.2240104377269745[0m
[0;30m[2020-11-30 17:19:08] [INFO] tensor([[0.1031, 0.0798, 0.1331, 0.1172, 0.1088, 0.1138, 0.0996, 0.0799, 0.0922,
         0.0727],
        [0.1031, 0.0823, 0.1287, 0.1117, 0.1055, 0.1141, 0.0975, 0.0858, 0.0938,
         0.0775],
        [0.1007, 0.0801, 0.1370, 0.1171, 0.1093, 0.1105, 0.0940, 0.0852, 0.0924,
         0.0738],
        [0.0970, 0.0839, 0.1307, 0.1173, 0.1106, 0.1066, 0.0982, 0.0836, 0.0963,
         0.0759],
        [0.0995, 0.0851, 0.1381, 0.1139, 0.1050, 0.1100, 0.0986, 0.0842, 0.0909,
         0.0746]], device='cuda:0')[0m
[0;30m[2020-11-30 17:19:08] [INFO] fpn epoch : 3, train acc : 0.24347826838493347, test acc : 0.23923444747924805[0m
[0;30m[2020-11-30 17:19:08] [INFO] tensor([[0.1016, 0.0653, 0.1652, 0.1333, 0.1171, 0.1156, 0.0972, 0.0640, 0.0848,
         0.0560],
        [0.1027, 0.0694, 0.1579, 0.1229, 0.1108, 0.1177, 0.0939, 0.0735, 0.0885,
         0.0627],
        [0.0969, 0.0669, 0.1733, 0.1338, 0.1183, 0.1091, 0.0867, 0.0718, 0.0855,
         0.0576],
        [0.0923, 0.0709, 0.1635, 0.1330, 0.1207, 0.1039, 0.0937, 0.0695, 0.0922,
         0.0601],
        [0.0945, 0.0745, 0.1765, 0.1278, 0.1100, 0.1085, 0.0949, 0.0701, 0.0841,
         0.0591]], device='cuda:0')[0m
[0;30m[2020-11-30 17:19:08] [INFO] fpn epoch : 4, train acc : 0.24989131093025208, test acc : 0.24923880398273468[0m
[0;30m[2020-11-30 17:19:09] [INFO] tensor([[0.0874, 0.0501, 0.2342, 0.1547, 0.1261, 0.0993, 0.0964, 0.0405, 0.0740,
         0.0373],
        [0.0918, 0.0558, 0.2199, 0.1386, 0.1170, 0.1050, 0.0940, 0.0511, 0.0818,
         0.0449],
        [0.0807, 0.0531, 0.2508, 0.1565, 0.1281, 0.0896, 0.0788, 0.0479, 0.0752,
         0.0393],
        [0.0763, 0.0566, 0.2317, 0.1541, 0.1327, 0.0858, 0.0895, 0.0461, 0.0853,
         0.0419],
        [0.0767, 0.0641, 0.2526, 0.1467, 0.1148, 0.0892, 0.0916, 0.0467, 0.0757,
         0.0418]], device='cuda:0')[0m
[0;30m[2020-11-30 17:19:09] [INFO] fpn epoch : 5, train acc : 0.2600000202655792, test acc : 0.2588081955909729[0m
[0;30m[2020-11-30 17:19:09] [INFO] tensor([[0.0565, 0.0373, 0.3770, 0.1654, 0.1223, 0.0532, 0.0950, 0.0164, 0.0576,
         0.0192],
        [0.0636, 0.0452, 0.3528, 0.1463, 0.1132, 0.0616, 0.0976, 0.0235, 0.0703,
         0.0259],
        [0.0495, 0.0416, 0.4097, 0.1660, 0.1226, 0.0452, 0.0669, 0.0202, 0.0574,
         0.0211],
        [0.0480, 0.0431, 0.3731, 0.1653, 0.1311, 0.0456, 0.0804, 0.0195, 0.0709,
         0.0229],
        [0.0440, 0.0574, 0.4042, 0.1543, 0.1060, 0.0437, 0.0840, 0.0197, 0.0625,
         0.0241]], device='cuda:0')[0m
[0;30m[2020-11-30 17:19:09] [INFO] fpn epoch : 6, train acc : 0.28380435705184937, test acc : 0.2749021351337433[0m
[0;30m[2020-11-30 17:19:10] [INFO] tensor([[0.0222, 0.0324, 0.5970, 0.1227, 0.0819, 0.0149, 0.0843, 0.0035, 0.0343,
         0.0068],
        [0.0268, 0.0431, 0.5642, 0.1107, 0.0770, 0.0197, 0.0935, 0.0059, 0.0483,
         0.0108],
        [0.0179, 0.0373, 0.6477, 0.1178, 0.0762, 0.0123, 0.0468, 0.0045, 0.0320,
         0.0076],
        [0.0186, 0.0377, 0.5939, 0.1262, 0.0898, 0.0133, 0.0617, 0.0043, 0.0456,
         0.0087],
        [0.0140, 0.0630, 0.6161, 0.1120, 0.0651, 0.0103, 0.0648, 0.0041, 0.0406,
         0.0101]], device='cuda:0')[0m
[0;30m[2020-11-30 17:19:10] [INFO] fpn epoch : 7, train acc : 0.3075000047683716, test acc : 0.2957807779312134[0m
[0;30m[2020-11-30 17:19:10] [INFO] tensor([[4.6983e-03, 4.0450e-02, 7.6795e-01, 5.0506e-02, 3.0818e-02, 2.0446e-03,
         8.6860e-02, 3.5253e-04, 1.4589e-02, 1.7345e-03],
        [5.9047e-03, 6.2281e-02, 7.2447e-01, 4.6611e-02, 2.9595e-02, 2.9327e-03,
         1.0050e-01, 7.1750e-04, 2.3768e-02, 3.2151e-03],
        [3.3375e-03, 4.8295e-02, 8.2835e-01, 4.2647e-02, 2.4498e-02, 1.5298e-03,
         3.6141e-02, 4.8340e-04, 1.2738e-02, 1.9753e-03],
        [3.6306e-03, 4.6473e-02, 7.8733e-01, 5.2846e-02, 3.2636e-02, 1.7504e-03,
         5.1788e-02, 4.6487e-04, 2.0698e-02, 2.3851e-03],
        [1.9828e-03, 1.0095e-01, 7.6129e-01, 4.2641e-02, 2.0430e-02, 1.0101e-03,
         5.0378e-02, 3.7887e-04, 1.7962e-02, 2.9772e-03]], device='cuda:0')[0m
[0;30m[2020-11-30 17:19:10] [INFO] fpn epoch : 8, train acc : 0.33043479919433594, test acc : 0.3214441239833832[0m
[0;30m[2020-11-30 17:19:11] [INFO] tensor([[7.6119e-04, 2.3349e-02, 8.3578e-01, 1.2990e-02, 7.6005e-03, 2.0397e-04,
         1.1416e-01, 2.3203e-05, 4.7623e-03, 3.6663e-04],
        [9.6513e-04, 4.4908e-02, 7.7332e-01, 1.3269e-02, 9.1985e-03, 3.2218e-04,
         1.4788e-01, 5.7210e-05, 9.2628e-03, 8.2050e-04],
        [4.8333e-04, 3.1701e-02, 9.0946e-01, 9.4519e-03, 5.9572e-03, 1.4078e-04,
         3.7378e-02, 3.6612e-05, 4.9041e-03, 4.9132e-04],
        [5.2484e-04, 2.7883e-02, 8.8467e-01, 1.3334e-02, 7.3120e-03, 1.6411e-04,
         5.7676e-02, 3.2768e-05, 7.8673e-03, 5.3299e-04],
        [2.0455e-04, 7.5262e-02, 8.5787e-01, 1.0768e-02, 4.2101e-03, 6.9821e-05,
         4.5085e-02, 2.3200e-05, 5.8961e-03, 6.0838e-04]], device='cuda:0')[0m
[0;30m[2020-11-30 17:19:11] [INFO] fpn epoch : 9, train acc : 0.36108696460723877, test acc : 0.339712917804718[0m
[0;30m[2020-11-30 17:19:11] [INFO] tensor([[1.0598e-04, 9.9470e-03, 9.0367e-01, 2.4035e-03, 1.8245e-03, 1.7574e-05,
         8.0318e-02, 1.2177e-06, 1.6303e-03, 8.4961e-05],
        [1.5240e-04, 2.6614e-02, 8.2794e-01, 3.9037e-03, 3.2252e-03, 3.2865e-05,
         1.3349e-01, 4.0270e-06, 4.3770e-03, 2.6215e-04],
        [5.8562e-05, 1.4621e-02, 9.5941e-01, 1.9870e-03, 1.5894e-03, 1.0684e-05,
         2.0076e-02, 2.1288e-06, 2.1159e-03, 1.2988e-04],
        [6.7188e-05, 1.3149e-02, 9.4038e-01, 2.4457e-03, 1.6743e-03, 1.3540e-05,
         3.8998e-02, 1.8983e-06, 3.1401e-03, 1.2717e-04],
        [2.0492e-05, 4.6222e-02, 9.2909e-01, 2.1723e-03, 7.4926e-04, 4.7817e-06,
         1.9523e-02, 1.3243e-06, 2.0797e-03, 1.3530e-04]], device='cuda:0')[0m
[0;30m[2020-11-30 17:19:11] [INFO] fpn epoch : 10, train acc : 0.37032610177993774, test acc : 0.35537189245224[0m
[0;30m[2020-11-30 17:19:11] [INFO] tensor([[1.1219e-05, 3.3238e-03, 9.5235e-01, 4.7822e-04, 3.9945e-04, 1.2161e-06,
         4.2887e-02, 5.0279e-08, 5.2900e-04, 1.7332e-05],
        [1.9845e-05, 1.3513e-02, 8.8423e-01, 1.1436e-03, 9.2885e-04, 2.8193e-06,
         9.7942e-02, 2.3096e-07, 2.1397e-03, 7.9326e-05],
        [4.5583e-06, 4.8893e-03, 9.8691e-01, 3.4921e-04, 2.6770e-04, 5.3771e-07,
         6.8841e-03, 7.9836e-08, 6.7327e-04, 2.4633e-05],
        [6.4247e-06, 4.7744e-03, 9.7547e-01, 4.5648e-04, 3.5019e-04, 8.7541e-07,
         1.7901e-02, 8.2500e-08, 1.0106e-03, 2.5493e-05],
        [1.9168e-06, 2.5920e-02, 9.6573e-01, 3.7387e-04, 1.6603e-04, 3.1645e-07,
         7.0513e-03, 7.0655e-08, 7.2799e-04, 2.9026e-05]], device='cuda:0')[0m
[0;30m[2020-11-30 17:19:11] [INFO] fpn epoch : 11, train acc : 0.37782609462738037, test acc : 0.3597216308116913[0m
[0;30m[2020-11-30 17:19:12] [INFO] tensor([[1.9622e-06, 3.5616e-03, 9.4367e-01, 1.6250e-04, 1.2654e-04, 1.3402e-07,
         5.2161e-02, 4.1995e-09, 3.1016e-04, 6.3433e-06],
        [3.5554e-06, 1.9397e-02, 8.3044e-01, 4.2050e-04, 3.2081e-04, 3.2265e-07,
         1.4781e-01, 2.2101e-08, 1.5719e-03, 3.5589e-05],
        [6.4382e-07, 5.4248e-03, 9.8793e-01, 9.9604e-05, 6.9787e-05, 4.7677e-08,
         6.0807e-03, 6.2517e-09, 3.8451e-04, 8.6375e-06],
        [1.0740e-06, 5.3776e-03, 9.7333e-01, 1.5516e-04, 1.1061e-04, 9.6023e-08,
         2.0443e-02, 7.3758e-09, 5.7139e-04, 9.3573e-06],
        [2.8298e-07, 3.9869e-02, 9.5296e-01, 9.6500e-05, 5.2841e-05, 3.1524e-08,
         6.5861e-03, 6.8856e-09, 4.2582e-04, 9.8498e-06]], device='cuda:0')[0m
[0;30m[2020-11-30 17:19:12] [INFO] fpn epoch : 12, train acc : 0.3815217614173889, test acc : 0.3688560426235199[0m
[0;30m[2020-11-30 17:19:12] [INFO] tensor([[3.7021e-07, 2.8184e-03, 9.5129e-01, 5.9379e-05, 4.1608e-05, 1.7950e-08,
         4.5624e-02, 5.1237e-10, 1.6733e-04, 2.4187e-06],
        [6.6132e-07, 2.0882e-02, 8.3255e-01, 1.5976e-04, 1.1074e-04, 4.2769e-08,
         1.4528e-01, 3.0584e-09, 9.9207e-04, 1.6083e-05],
        [9.8652e-08, 4.0608e-03, 9.9179e-01, 3.0439e-05, 1.8836e-05, 5.1151e-09,
         3.9025e-03, 7.0361e-10, 1.9407e-04, 3.0556e-06],
        [2.0284e-07, 4.4300e-03, 9.7715e-01, 5.8644e-05, 3.7853e-05, 1.3367e-08,
         1.8036e-02, 9.6694e-10, 2.8545e-04, 3.6099e-06],
        [4.8840e-08, 4.2944e-02, 9.5168e-01, 3.7351e-05, 1.8321e-05, 4.0376e-09,
         5.0968e-03, 9.9593e-10, 2.1790e-04, 3.5975e-06]], device='cuda:0')[0m
[0;30m[2020-11-30 17:19:12] [INFO] fpn epoch : 13, train acc : 0.3809782564640045, test acc : 0.3771204948425293[0m
[0;30m[2020-11-30 17:19:13] [INFO] tensor([[8.0216e-08, 1.2412e-03, 9.7107e-01, 2.4487e-05, 1.5364e-05, 3.1576e-09,
         2.7571e-02, 8.1114e-11, 8.1567e-05, 9.6642e-07],
        [1.3941e-07, 9.9269e-03, 9.0564e-01, 6.7507e-05, 4.2129e-05, 7.4140e-09,
         8.3789e-02, 5.4679e-10, 5.2444e-04, 7.3085e-06],
        [1.7672e-08, 1.5721e-03, 9.9655e-01, 1.0616e-05, 5.7928e-06, 7.2625e-10,
         1.7694e-03, 1.0352e-10, 8.6957e-05, 1.1113e-06],
        [4.4110e-08, 1.9435e-03, 9.8671e-01, 2.4826e-05, 1.4434e-05, 2.4301e-09,
         1.1187e-02, 1.5967e-10, 1.2352e-04, 1.4089e-06],
        [9.4702e-09, 2.1813e-02, 9.7560e-01, 1.5460e-05, 6.7711e-06, 6.4689e-10,
         2.4817e-03, 1.7210e-10, 8.4040e-05, 1.2815e-06]], device='cuda:0')[0m
[0;30m[2020-11-30 17:19:13] [INFO] fpn epoch : 14, train acc : 0.38163045048713684, test acc : 0.3723357915878296[0m
[0;30m[2020-11-30 17:19:13] [INFO] tensor([[3.2938e-08, 3.1055e-03, 9.5444e-01, 1.6831e-05, 9.4512e-06, 9.6041e-10,
         4.2357e-02, 2.9944e-11, 7.2452e-05, 8.0727e-07],
        [4.8776e-08, 2.3784e-02, 8.7410e-01, 4.2211e-05, 2.3531e-05, 2.0007e-09,
         1.0160e-01, 2.0123e-10, 4.3674e-04, 5.9772e-06],
        [7.1869e-09, 3.6736e-03, 9.9384e-01, 7.2878e-06, 3.5191e-06, 2.1805e-10,
         2.3964e-03, 4.0875e-11, 7.9747e-05, 9.3731e-07],
        [1.9099e-08, 4.4495e-03, 9.7643e-01, 1.8143e-05, 9.5709e-06, 8.1394e-10,
         1.8986e-02, 6.2834e-11, 1.0612e-04, 1.1562e-06],
        [2.9293e-09, 5.0022e-02, 9.4710e-01, 8.6333e-06, 3.3789e-06, 1.5313e-10,
         2.8100e-03, 5.4481e-11, 5.1825e-05, 8.3127e-07]], device='cuda:0')[0m
[0;30m[2020-11-30 17:19:13] [INFO] fpn epoch : 15, train acc : 0.38652175664901733, test acc : 0.3784254193305969[0m
[0;30m[2020-11-30 17:19:13] [INFO] tensor([[1.2801e-08, 2.1137e-03, 9.6552e-01, 1.0920e-05, 5.6197e-06, 3.2729e-10,
         3.2299e-02, 1.0962e-11, 4.5647e-05, 5.3682e-07],
        [1.6201e-08, 1.3089e-02, 9.3210e-01, 2.4588e-05, 1.2521e-05, 5.9482e-10,
         5.4527e-02, 7.3474e-11, 2.4587e-04, 3.8045e-06],
        [2.3322e-09, 1.9816e-03, 9.9663e-01, 3.9893e-06, 1.7343e-06, 5.9891e-11,
         1.3408e-03, 1.3724e-11, 4.3859e-05, 5.2515e-07],
        [7.3765e-09, 2.6596e-03, 9.8251e-01, 1.1731e-05, 5.7033e-06, 2.8236e-10,
         1.4753e-02, 2.2917e-11, 5.9647e-05, 6.9198e-07],
        [9.4800e-10, 3.1348e-02, 9.6696e-01, 4.9099e-06, 1.7326e-06, 4.2798e-11,
         1.6673e-03, 1.8283e-11, 2.2512e-05, 4.5514e-07]], device='cuda:0')[0m
[0;30m[2020-11-30 17:19:13] [INFO] fpn epoch : 16, train acc : 0.38956522941589355, test acc : 0.37451067566871643[0m
[0;30m[2020-11-30 17:19:14] [INFO] tensor([[7.1959e-09, 4.1591e-03, 9.5536e-01, 9.2635e-06, 4.4102e-06, 1.4895e-10,
         4.0428e-02, 6.4539e-12, 4.0424e-05, 5.2726e-07],
        [7.4858e-09, 1.9394e-02, 9.2925e-01, 1.7881e-05, 8.3764e-06, 2.2740e-10,
         5.1150e-02, 4.0027e-11, 1.7950e-04, 3.3173e-06],
        [1.2469e-09, 3.1574e-03, 9.9542e-01, 3.2182e-06, 1.2767e-06, 2.5214e-11,
         1.3766e-03, 8.1470e-12, 3.6884e-05, 4.7616e-07],
        [4.3450e-09, 4.2733e-03, 9.7613e-01, 1.0436e-05, 4.7246e-06, 1.3896e-10,
         1.9531e-02, 1.3980e-11, 4.9085e-05, 6.3571e-07],
        [4.3269e-10, 5.0318e-02, 9.4802e-01, 3.4616e-06, 1.1161e-06, 1.5729e-11,
         1.6385e-03, 9.1103e-12, 1.3882e-05, 3.6794e-07]], device='cuda:0')[0m
[0;30m[2020-11-30 17:19:14] [INFO] fpn epoch : 17, train acc : 0.3935869634151459, test acc : 0.38016530871391296[0m
[0;30m[2020-11-30 17:19:14] [INFO] tensor([[4.1265e-09, 7.3745e-03, 9.4761e-01, 7.7392e-06, 3.4495e-06, 6.9413e-11,
         4.4969e-02, 4.1798e-12, 3.3445e-05, 4.9423e-07],
        [3.7833e-09, 2.8499e-02, 9.2190e-01, 1.3400e-05, 5.8349e-06, 9.4282e-11,
         4.9450e-02, 2.4953e-11, 1.3188e-04, 2.8991e-06],
        [6.7858e-10, 4.5790e-03, 9.9413e-01, 2.5374e-06, 9.3143e-07, 1.0875e-11,
         1.2568e-03, 5.2614e-12, 2.8984e-05, 4.1033e-07],
        [2.6139e-09, 6.1766e-03, 9.7104e-01, 9.0976e-06, 3.8753e-06, 6.9723e-11,
         2.2730e-02, 9.3659e-12, 3.7948e-05, 5.5355e-07],
        [2.2495e-10, 7.7485e-02, 9.2085e-01, 2.6061e-06, 7.7852e-07, 6.5119e-12,
         1.6531e-03, 5.3933e-12, 9.3147e-06, 3.1382e-07]], device='cuda:0')[0m
[0;30m[2020-11-30 17:19:14] [INFO] fpn epoch : 18, train acc : 0.3957608640193939, test acc : 0.38277512788772583[0m
[0;30m[2020-11-30 17:19:15] [INFO] tensor([[1.8396e-09, 4.8500e-03, 9.6856e-01, 5.1427e-06, 2.1384e-06, 2.7413e-11,
         2.6566e-02, 2.1283e-12, 1.8996e-05, 3.1954e-07],
        [1.6903e-09, 1.7524e-02, 9.5170e-01, 8.7886e-06, 3.5764e-06, 3.7033e-11,
         3.0686e-02, 1.3403e-11, 7.6401e-05, 1.9682e-06],
        [2.7902e-10, 2.5596e-03, 9.9680e-01, 1.5432e-06, 5.2492e-07, 3.8641e-12,
         6.2719e-04, 2.6124e-12, 1.5355e-05, 2.4192e-07],
        [1.2502e-09, 3.5723e-03, 9.8135e-01, 6.3524e-06, 2.5470e-06, 2.9847e-11,
         1.5043e-02, 5.0380e-12, 2.0659e-05, 3.4019e-07],
        [1.0939e-10, 5.3360e-02, 9.4552e-01, 1.8367e-06, 5.1001e-07, 2.6799e-12,
         1.1086e-03, 3.0011e-12, 5.5148e-06, 2.1930e-07]], device='cuda:0')[0m
[0;30m[2020-11-30 17:19:15] [INFO] fpn epoch : 19, train acc : 0.39739131927490234, test acc : 0.3823401629924774[0m
[0;30m[2020-11-30 17:19:15] [INFO] tensor([[1.0793e-09, 6.2846e-03, 9.6778e-01, 4.2468e-06, 1.6417e-06, 1.3814e-11,
         2.5917e-02, 1.4366e-12, 1.4445e-05, 2.7190e-07],
        [1.0056e-09, 2.0320e-02, 9.4632e-01, 7.1125e-06, 2.7062e-06, 1.8643e-11,
         3.3289e-02, 9.3209e-12, 5.8834e-05, 1.7160e-06],
        [1.5831e-10, 2.8388e-03, 9.9659e-01, 1.2147e-06, 3.8339e-07, 1.8354e-12,
         5.6019e-04, 1.7679e-12, 1.1148e-05, 1.9148e-07],
        [7.6756e-10, 3.8255e-03, 9.8005e-01, 5.3681e-06, 2.0199e-06, 1.5663e-11,
         1.6107e-02, 3.5289e-12, 1.4818e-05, 2.6931e-07],
        [6.4967e-11, 6.6202e-02, 9.3258e-01, 1.4647e-06, 3.8061e-07, 1.3050e-12,
         1.2083e-03, 1.9887e-12, 4.1267e-06, 1.8572e-07]], device='cuda:0')[0m
[0;30m[2020-11-30 17:19:15] [INFO] fpn epoch : 20, train acc : 0.39978262782096863, test acc : 0.38712483644485474[0m
[0;30m[2020-11-30 17:19:16] [INFO] tensor([[6.5562e-10, 9.3739e-03, 9.6872e-01, 3.5795e-06, 1.2887e-06, 7.2505e-12,
         2.1891e-02, 1.0615e-12, 1.1449e-05, 2.4005e-07],
        [6.1319e-10, 2.5599e-02, 9.4451e-01, 5.8271e-06, 2.0784e-06, 9.7582e-12,
         2.9834e-02, 6.9183e-12, 4.7063e-05, 1.5212e-06],
        [9.3193e-11, 3.5066e-03, 9.9606e-01, 9.7647e-07, 2.8715e-07, 9.1733e-13,
         4.1879e-04, 1.3012e-12, 8.3535e-06, 1.5612e-07],
        [4.7684e-10, 4.6831e-03, 9.8169e-01, 4.5754e-06, 1.6043e-06, 8.3683e-12,
         1.3613e-02, 2.6885e-12, 1.1132e-05, 2.2117e-07],
        [4.0232e-11, 9.6271e-02, 9.0257e-01, 1.1908e-06, 2.9170e-07, 6.6732e-13,
         1.1498e-03, 1.4293e-12, 3.2618e-06, 1.6844e-07]], device='cuda:0')[0m
[0;30m[2020-11-30 17:19:16] [INFO] fpn epoch : 21, train acc : 0.4001086950302124, test acc : 0.38755980134010315[0m
[0;30m[2020-11-30 17:19:16] [INFO] tensor([[4.0205e-10, 7.1721e-03, 9.7145e-01, 2.9603e-06, 9.9890e-07, 4.1539e-12,
         2.1370e-02, 7.2069e-13, 8.2198e-06, 1.8640e-07],
        [3.7229e-10, 1.7341e-02, 9.5139e-01, 4.6202e-06, 1.5590e-06, 5.4795e-12,
         3.1230e-02, 4.7062e-12, 3.4766e-05, 1.1923e-06],
        [5.2918e-11, 2.2484e-03, 9.9740e-01, 7.3777e-07, 2.0388e-07, 4.7709e-13,
         3.4759e-04, 8.4716e-13, 5.4892e-06, 1.0869e-07],
        [2.8713e-10, 3.1577e-03, 9.8407e-01, 3.6924e-06, 1.2102e-06, 4.6579e-12,
         1.2756e-02, 1.8341e-12, 7.4935e-06, 1.5713e-07],
        [2.6621e-11, 7.8650e-02, 9.1997e-01, 1.0044e-06, 2.3370e-07, 3.9414e-13,
         1.3763e-03, 1.0049e-12, 2.5177e-06, 1.3743e-07]], device='cuda:0')[0m
[0;30m[2020-11-30 17:19:16] [INFO] fpn epoch : 22, train acc : 0.4029347896575928, test acc : 0.38842976093292236[0m
[0;30m[2020-11-30 17:19:16] [INFO] tensor([[2.4667e-10, 7.3935e-03, 9.7568e-01, 2.4458e-06, 7.7578e-07, 2.4071e-12,
         1.6916e-02, 5.3130e-13, 6.1776e-06, 1.5251e-07],
        [2.3136e-10, 1.7587e-02, 9.5588e-01, 3.7480e-06, 1.1988e-06, 3.1800e-12,
         2.6499e-02, 3.5533e-12, 2.7855e-05, 1.0126e-06],
        [3.0917e-11, 1.9688e-03, 9.9778e-01, 5.7168e-07, 1.4901e-07, 2.5898e-13,
         2.4408e-04, 6.1134e-13, 3.8677e-06, 8.1623e-08],
        [1.7007e-10, 2.9250e-03, 9.8721e-01, 2.9384e-06, 9.0767e-07, 2.5935e-12,
         9.8591e-03, 1.3662e-12, 5.3638e-06, 1.1868e-07],
        [1.7015e-11, 8.4573e-02, 9.1417e-01, 8.1786e-07, 1.8152e-07, 2.2973e-13,
         1.2522e-03, 7.3969e-13, 1.9595e-06, 1.1837e-07]], device='cuda:0')[0m
[0;30m[2020-11-30 17:19:16] [INFO] fpn epoch : 23, train acc : 0.4050000011920929, test acc : 0.38973468542099[0m
[0;30m[2020-11-30 17:19:17] [INFO] tensor([[1.7937e-10, 9.3835e-03, 9.6941e-01, 2.2773e-06, 6.8753e-07, 1.6692e-12,
         2.1193e-02, 4.5002e-13, 5.4596e-06, 1.4311e-07],
        [1.7244e-10, 2.2878e-02, 9.4180e-01, 3.4651e-06, 1.0607e-06, 2.2105e-12,
         3.5287e-02, 3.0899e-12, 2.6479e-05, 9.8899e-07],
        [2.2139e-11, 2.2033e-03, 9.9751e-01, 5.1368e-07, 1.2822e-07, 1.7387e-13,
         2.7794e-04, 5.1838e-13, 3.2982e-06, 7.2139e-08],
        [1.1855e-10, 3.5525e-03, 9.8457e-01, 2.6136e-06, 7.7097e-07, 1.7042e-12,
         1.1866e-02, 1.1558e-12, 4.5642e-06, 1.0361e-07],
        [1.2310e-11, 1.0497e-01, 8.9334e-01, 7.1869e-07, 1.5402e-07, 1.5331e-13,
         1.6832e-03, 5.9069e-13, 1.6970e-06, 1.0902e-07]], device='cuda:0')[0m
[0;30m[2020-11-30 17:19:17] [INFO] fpn epoch : 24, train acc : 0.4080434739589691, test acc : 0.39234450459480286[0m
[0;30m[2020-11-30 17:19:17] [INFO] tensor([[1.1602e-10, 1.0213e-02, 9.7150e-01, 1.8954e-06, 5.4891e-07, 1.0450e-12,
         1.8282e-02, 3.6224e-13, 4.3097e-06, 1.2129e-07],
        [1.1395e-10, 2.6065e-02, 9.4256e-01, 2.8331e-06, 8.3768e-07, 1.3735e-12,
         3.1345e-02, 2.5088e-12, 2.2443e-05, 8.6922e-07],
        [1.4286e-11, 2.1677e-03, 9.9760e-01, 4.1529e-07, 9.9970e-08, 1.0713e-13,
         2.2576e-04, 4.1774e-13, 2.5456e-06, 5.8038e-08],
        [7.5936e-11, 4.3873e-03, 9.8523e-01, 2.1396e-06, 6.0545e-07, 1.0334e-12,
         1.0376e-02, 9.5945e-13, 3.6584e-06, 8.5867e-08],
        [8.4501e-12, 1.1945e-01, 8.7890e-01, 6.0431e-07, 1.2581e-07, 9.9837e-14,
         1.6425e-03, 4.8413e-13, 1.3958e-06, 9.8648e-08]], device='cuda:0')[0m
[0;30m[2020-11-30 17:19:17] [INFO] fpn epoch : 25, train acc : 0.4105435013771057, test acc : 0.3945193588733673[0m
[0;30m[2020-11-30 17:19:18] [INFO] tensor([[7.9111e-11, 8.5676e-03, 9.7234e-01, 1.6036e-06, 4.5031e-07, 7.0590e-13,
         1.9085e-02, 2.9451e-13, 3.4122e-06, 1.0098e-07],
        [8.0450e-11, 2.4052e-02, 9.3968e-01, 2.3775e-06, 6.8646e-07, 9.2173e-13,
         3.6241e-02, 2.0617e-12, 1.9385e-05, 7.6152e-07],
        [9.6422e-12, 1.6927e-03, 9.9808e-01, 3.3865e-07, 7.9337e-08, 7.0320e-14,
         2.2493e-04, 3.3295e-13, 1.9622e-06, 4.5635e-08],
        [5.1702e-11, 4.5886e-03, 9.8361e-01, 1.7920e-06, 4.9098e-07, 6.7482e-13,
         1.1797e-02, 8.0537e-13, 3.0165e-06, 7.1888e-08],
        [6.2156e-12, 1.0697e-01, 8.9098e-01, 5.2932e-07, 1.0785e-07, 7.1625e-14,
         2.0504e-03, 4.0503e-13, 1.1694e-06, 8.5838e-08]], device='cuda:0')[0m
[0;30m[2020-11-30 17:19:18] [INFO] fpn epoch : 26, train acc : 0.4120652377605438, test acc : 0.3945193588733673[0m
[0;30m[2020-11-30 17:19:18] [INFO] tensor([[4.9469e-11, 7.8187e-03, 9.7846e-01, 1.2536e-06, 3.4374e-07, 4.3190e-13,
         1.3721e-02, 2.4192e-13, 2.5747e-06, 8.1181e-08],
        [5.5418e-11, 2.6738e-02, 9.4178e-01, 1.9480e-06, 5.5257e-07, 5.9448e-13,
         3.1465e-02, 1.7938e-12, 1.6992e-05, 6.8606e-07],
        [6.1773e-12, 1.5125e-03, 9.9832e-01, 2.6274e-07, 6.0287e-08, 4.3317e-14,
         1.6589e-04, 2.7538e-13, 1.4856e-06, 3.5593e-08],
        [3.2186e-11, 5.2908e-03, 9.8524e-01, 1.3831e-06, 3.6867e-07, 3.9922e-13,
         9.4661e-03, 6.8374e-13, 2.4058e-06, 5.9063e-08],
        [4.2574e-12, 1.0386e-01, 8.9436e-01, 4.3394e-07, 8.7005e-08, 4.7662e-14,
         1.7785e-03, 3.4368e-13, 9.4034e-07, 7.3418e-08]], device='cuda:0')[0m
[0;30m[2020-11-30 17:19:18] [INFO] fpn epoch : 27, train acc : 0.41423913836479187, test acc : 0.3945193588733673[0m
[0;30m[2020-11-30 17:19:19] [INFO] tensor([[3.3888e-11, 7.3006e-03, 9.7991e-01, 1.0365e-06, 2.7974e-07, 2.8603e-13,
         1.2783e-02, 2.1426e-13, 2.0813e-06, 6.9089e-08],
        [4.2131e-11, 3.0799e-02, 9.3182e-01, 1.6945e-06, 4.7669e-07, 4.1637e-13,
         3.7357e-02, 1.6670e-12, 1.5992e-05, 6.5767e-07],
        [4.3322e-12, 1.4282e-03, 9.9841e-01, 2.1540e-07, 4.8924e-08, 2.8967e-14,
         1.6140e-04, 2.4483e-13, 1.2047e-06, 2.9312e-08],
        [2.1675e-11, 6.0925e-03, 9.8398e-01, 1.1194e-06, 2.9267e-07, 2.5371e-13,
         9.9261e-03, 6.1693e-13, 2.0433e-06, 5.0939e-08],
        [3.1108e-12, 9.9261e-02, 8.9874e-01, 3.6546e-07, 7.2792e-08, 3.3422e-14,
         1.9949e-03, 3.0183e-13, 7.7513e-07, 6.2186e-08]], device='cuda:0')[0m
[0;30m[2020-11-30 17:19:19] [INFO] fpn epoch : 28, train acc : 0.41565218567848206, test acc : 0.39190953969955444[0m
[0;30m[2020-11-30 17:19:19] [INFO] tensor([[2.1695e-11, 7.2148e-03, 9.8346e-01, 8.1134e-07, 2.1552e-07, 1.7645e-13,
         9.3270e-03, 1.9256e-13, 1.6069e-06, 5.7614e-08],
        [2.9576e-11, 3.6393e-02, 9.2951e-01, 1.3733e-06, 3.8450e-07, 2.6793e-13,
         3.4082e-02, 1.5438e-12, 1.4104e-05, 6.0155e-07],
        [2.8391e-12, 1.4163e-03, 9.9846e-01, 1.6628e-07, 3.7493e-08, 1.8060e-14,
         1.2190e-04, 2.1978e-13, 9.3227e-07, 2.3425e-08],
        [1.3869e-11, 7.4093e-03, 9.8456e-01, 8.7529e-07, 2.2516e-07, 1.5404e-13,
         8.0313e-03, 5.8450e-13, 1.7067e-06, 4.3937e-08],
        [2.1658e-12, 1.0155e-01, 8.9669e-01, 2.9341e-07, 5.8165e-08, 2.2234e-14,
         1.7545e-03, 2.7063e-13, 6.1449e-07, 5.2390e-08]], device='cuda:0')[0m
[0;30m[2020-11-30 17:19:19] [INFO] fpn epoch : 29, train acc : 0.41663044691085815, test acc : 0.39582428336143494[0m
[0;30m[2020-11-30 17:19:19] [INFO] tensor([[1.4925e-11, 6.9352e-03, 9.8429e-01, 6.6639e-07, 1.7481e-07, 1.1887e-13,
         8.7684e-03, 1.8165e-13, 1.2974e-06, 4.9272e-08],
        [2.2103e-11, 3.9893e-02, 9.1969e-01, 1.1554e-06, 3.2332e-07, 1.8545e-13,
         4.0400e-02, 1.4816e-12, 1.2700e-05, 5.5308e-07],
        [1.9722e-12, 1.3281e-03, 9.9855e-01, 1.3273e-07, 2.9811e-08, 1.2036e-14,
         1.1671e-04, 2.0425e-13, 7.4344e-07, 1.9071e-08],
        [9.5029e-12, 8.3699e-03, 9.8334e-01, 7.1369e-07, 1.8114e-07, 1.0146e-13,
         8.2906e-03, 5.7879e-13, 1.4750e-06, 3.8737e-08],
        [1.6270e-12, 9.9256e-02, 8.9869e-01, 2.4623e-07, 4.8784e-08, 1.6028e-14,
         2.0512e-03, 2.5265e-13, 5.0375e-07, 4.3968e-08]], device='cuda:0')[0m
[0;30m[2020-11-30 17:19:19] [INFO] fpn epoch : 30, train acc : 0.41750001907348633, test acc : 0.3945193588733673[0m
[0;30m[2020-11-30 17:19:20] [INFO] tensor([[1.0073e-11, 7.2570e-03, 9.8566e-01, 5.4016e-07, 1.3957e-07, 7.8929e-14,
         7.0840e-03, 1.7519e-13, 1.0338e-06, 4.1707e-08],
        [1.5751e-11, 4.5442e-02, 9.1580e-01, 9.3960e-07, 2.6140e-07, 1.2408e-13,
         3.8745e-02, 1.4245e-12, 1.0967e-05, 4.8900e-07],
        [1.3367e-12, 1.3196e-03, 9.9858e-01, 1.0430e-07, 2.3253e-08, 7.8565e-15,
         9.5559e-05, 1.9303e-13, 5.8437e-07, 1.5513e-08],
        [6.3215e-12, 9.8279e-03, 9.8317e-01, 5.6610e-07, 1.4071e-07, 6.5213e-14,
         7.0032e-03, 5.8046e-13, 1.2396e-06, 3.3445e-08],
        [1.2093e-12, 1.0424e-01, 8.9374e-01, 2.0526e-07, 4.0550e-08, 1.1494e-14,
         2.0147e-03, 2.4367e-13, 4.1118e-07, 3.7153e-08]], device='cuda:0')[0m
[0;30m[2020-11-30 17:19:20] [INFO] fpn epoch : 31, train acc : 0.4197826087474823, test acc : 0.39669421315193176[0m
[0;30m[2020-11-30 17:19:20] [INFO] tensor([[7.5391e-12, 8.3104e-03, 9.8444e-01, 4.7100e-07, 1.1986e-07, 5.7738e-14,
         7.2507e-03, 1.7418e-13, 8.8354e-07, 3.7050e-08],
        [1.2188e-11, 5.5157e-02, 8.9919e-01, 8.1474e-07, 2.2451e-07, 9.1281e-14,
         4.5645e-02, 1.4059e-12, 9.9463e-06, 4.4644e-07],
        [9.9271e-13, 1.3942e-03, 9.9851e-01, 8.8089e-08, 1.9437e-08, 5.6158e-15,
         9.7982e-05, 1.8893e-13, 4.9005e-07, 1.3269e-08],
        [4.6474e-12, 1.1772e-02, 9.8082e-01, 4.8127e-07, 1.1707e-07, 4.6428e-14,
         7.4049e-03, 5.9567e-13, 1.0928e-06, 3.0059e-08],
        [9.7124e-13, 1.1584e-01, 8.8169e-01, 1.8072e-07, 3.5550e-08, 8.8795e-15,
         2.4672e-03, 2.3989e-13, 3.5370e-07, 3.2294e-08]], device='cuda:0')[0m
[0;30m[2020-11-30 17:19:20] [INFO] fpn epoch : 32, train acc : 0.42054349184036255, test acc : 0.39712920784950256[0m
[0;30m[2020-11-30 17:19:21] [INFO] tensor([[5.7564e-12, 1.1158e-02, 9.8187e-01, 4.1465e-07, 1.0366e-07, 4.2575e-14,
         6.9711e-03, 1.7187e-13, 7.6805e-07, 3.3741e-08],
        [9.6042e-12, 7.8134e-02, 8.7357e-01, 7.1633e-07, 1.9515e-07, 6.8091e-14,
         4.8286e-02, 1.3846e-12, 9.1273e-06, 4.1445e-07],
        [7.5660e-13, 1.7204e-03, 9.9819e-01, 7.5916e-08, 1.6510e-08, 4.0822e-15,
         9.3654e-05, 1.8557e-13, 4.2070e-07, 1.1661e-08],
        [3.5931e-12, 1.6607e-02, 9.7594e-01, 4.2435e-07, 1.0141e-07, 3.4464e-14,
         7.4499e-03, 6.2304e-13, 1.0029e-06, 2.8492e-08],
        [7.7112e-13, 1.5221e-01, 8.4513e-01, 1.5709e-07, 3.0670e-08, 6.6845e-15,
         2.6547e-03, 2.3096e-13, 3.0492e-07, 2.8681e-08]], device='cuda:0')[0m
[0;30m[2020-11-30 17:19:21] [INFO] fpn epoch : 33, train acc : 0.42010870575904846, test acc : 0.397564172744751[0m
[0;30m[2020-11-30 17:19:21] [INFO] tensor([[4.7174e-12, 1.7640e-02, 9.7482e-01, 3.8437e-07, 9.4154e-08, 3.3287e-14,
         7.5397e-03, 1.7181e-13, 7.1730e-07, 3.2868e-08],
        [8.0141e-12, 1.2344e-01, 8.2040e-01, 6.5791e-07, 1.7637e-07, 5.3247e-14,
         5.6157e-02, 1.3670e-12, 8.7374e-06, 4.0209e-07],
        [6.2656e-13, 2.5055e-03, 9.9739e-01, 6.9939e-08, 1.4948e-08, 3.1868e-15,
         1.0178e-04, 1.8710e-13, 3.9068e-07, 1.1070e-08],
        [3.0372e-12, 2.7103e-02, 9.6412e-01, 4.0140e-07, 9.4150e-08, 2.7715e-14,
         8.7757e-03, 6.6576e-13, 9.9583e-07, 2.9307e-08],
        [6.1819e-13, 2.2675e-01, 7.7024e-01, 1.3625e-07, 2.6291e-08, 4.9772e-15,
         3.0099e-03, 2.1440e-13, 2.6884e-07, 2.6146e-08]], device='cuda:0')[0m
[0;30m[2020-11-30 17:19:21] [INFO] fpn epoch : 34, train acc : 0.41913044452667236, test acc : 0.40017399191856384[0m
[0;30m[2020-11-30 17:19:21] [INFO] tensor([[3.9129e-12, 2.2358e-02, 9.6801e-01, 3.5894e-07, 8.5701e-08, 2.6409e-14,
         9.6264e-03, 1.6328e-13, 6.7161e-07, 3.1259e-08],
        [6.6449e-12, 1.4807e-01, 7.7778e-01, 5.9894e-07, 1.5719e-07, 4.1457e-14,
         7.4134e-02, 1.2716e-12, 8.1861e-06, 3.7645e-07],
        [5.2162e-13, 2.9461e-03, 9.9692e-01, 6.4320e-08, 1.3444e-08, 2.4953e-15,
         1.2892e-04, 1.7776e-13, 3.6361e-07, 1.0312e-08],
        [2.5903e-12, 3.6062e-02, 9.5152e-01, 3.8102e-07, 8.7325e-08, 2.2290e-14,
         1.2417e-02, 6.6902e-13, 9.8657e-07, 2.9334e-08],
        [5.1365e-13, 2.7704e-01, 7.1885e-01, 1.2277e-07, 2.3270e-08, 3.8789e-15,
         4.1108e-03, 1.9827e-13, 2.4749e-07, 2.3952e-08]], device='cuda:0')[0m
[0;30m[2020-11-30 17:19:21] [INFO] fpn epoch : 35, train acc : 0.41760870814323425, test acc : 0.4019138813018799[0m
[0;30m[2020-11-30 17:19:22] [INFO] tensor([[2.3447e-12, 5.9528e-03, 9.8654e-01, 2.5529e-07, 5.9605e-08, 1.6819e-14,
         7.5050e-03, 1.0486e-13, 4.1065e-07, 1.8237e-08],
        [4.2636e-12, 3.6475e-02, 9.0396e-01, 4.3530e-07, 1.1293e-07, 2.6683e-14,
         5.9559e-02, 8.5068e-13, 5.3236e-06, 2.3394e-07],
        [2.9438e-13, 7.3644e-04, 9.9917e-01, 4.1537e-08, 8.5211e-09, 1.4338e-15,
         9.3070e-05, 1.0696e-13, 2.1239e-07, 5.8034e-09],
        [1.5538e-12, 1.0487e-02, 9.7915e-01, 2.6734e-07, 6.0074e-08, 1.3434e-14,
         1.0358e-02, 4.4139e-13, 6.2608e-07, 1.8002e-08],
        [4.2809e-13, 9.5810e-02, 8.9964e-01, 1.1721e-07, 2.1838e-08, 3.3618e-15,
         4.5507e-03, 1.7665e-13, 2.0676e-07, 1.8429e-08]], device='cuda:0')[0m
[0;30m[2020-11-30 17:19:22] [INFO] fpn epoch : 36, train acc : 0.42402175068855286, test acc : 0.3945193588733673[0m
[0;30m[2020-11-30 17:19:22] [INFO] tensor([[1.1096e-12, 1.2107e-03, 9.9635e-01, 1.5417e-07, 3.5326e-08, 8.9250e-15,
         2.4395e-03, 5.9100e-14, 2.0335e-07, 8.7839e-09],
        [2.1242e-12, 7.0326e-03, 9.7360e-01, 2.6158e-07, 6.7521e-08, 1.4015e-14,
         1.9363e-02, 4.9125e-13, 2.7447e-06, 1.1639e-07],
        [1.3912e-13, 1.7420e-04, 9.9980e-01, 2.4226e-08, 4.9016e-09, 7.3132e-16,
         2.9375e-05, 6.1129e-14, 1.0795e-07, 2.8921e-09],
        [7.1978e-13, 2.5213e-03, 9.9411e-01, 1.5756e-07, 3.4825e-08, 6.5727e-15,
         3.3656e-03, 2.5597e-13, 3.2021e-07, 9.1424e-09],
        [2.5456e-13, 2.2217e-02, 9.7604e-01, 8.5538e-08, 1.5726e-08, 2.2026e-15,
         1.7420e-03, 1.2375e-13, 1.2430e-07, 1.0635e-08]], device='cuda:0')[0m
[0;30m[2020-11-30 17:19:22] [INFO] fpn epoch : 37, train acc : 0.4216304421424866, test acc : 0.38799479603767395[0m
[0;30m[2020-11-30 17:19:23] [INFO] tensor([[1.3954e-12, 4.4775e-03, 9.8894e-01, 2.0585e-07, 4.6305e-08, 9.9780e-15,
         6.5776e-03, 8.7326e-14, 3.0506e-07, 1.2816e-08],
        [2.9747e-12, 3.1187e-02, 9.0470e-01, 3.8445e-07, 9.6468e-08, 1.8092e-14,
         6.4112e-02, 7.8590e-13, 4.4215e-06, 1.7934e-07],
        [1.8730e-13, 6.5966e-04, 9.9925e-01, 3.4616e-08, 6.8231e-09, 8.7738e-16,
         8.6577e-05, 9.6121e-14, 1.6908e-07, 4.3576e-09],
        [9.4584e-13, 1.0358e-02, 9.7952e-01, 2.2365e-07, 4.8435e-08, 8.0421e-15,
         1.0121e-02, 4.0551e-13, 5.0352e-07, 1.3969e-08],
        [2.9866e-13, 7.2357e-02, 9.2295e-01, 1.0490e-07, 1.8905e-08, 2.2891e-15,
         4.6897e-03, 1.6264e-13, 1.6329e-07, 1.3350e-08]], device='cuda:0')[0m
[0;30m[2020-11-30 17:19:23] [INFO] fpn epoch : 38, train acc : 0.4267391264438629, test acc : 0.3953893184661865[0m
[0;30m[2020-11-30 17:19:23] [INFO] tensor([[1.3230e-12, 1.2429e-02, 9.8263e-01, 2.1925e-07, 4.7806e-08, 9.0956e-15,
         4.9428e-03, 1.0368e-13, 3.1830e-07, 1.4411e-08],
        [2.7987e-12, 9.4374e-02, 8.5491e-01, 4.0034e-07, 9.6703e-08, 1.6708e-14,
         5.0706e-02, 8.9653e-13, 4.3811e-06, 1.8861e-07],
        [1.8822e-13, 1.7762e-03, 9.9815e-01, 3.8582e-08, 7.3441e-09, 8.5124e-16,
         7.1192e-05, 1.1957e-13, 1.8118e-07, 4.9457e-09],
        [9.6000e-13, 2.9055e-02, 9.6277e-01, 2.5258e-07, 5.3490e-08, 8.2273e-15,
         8.1711e-03, 5.2049e-13, 5.5064e-07, 1.6447e-08],
        [2.6807e-13, 1.9385e-01, 8.0306e-01, 1.0217e-07, 1.7900e-08, 1.9210e-15,
         3.0877e-03, 1.7547e-13, 1.5399e-07, 1.3800e-08]], device='cuda:0')[0m
[0;30m[2020-11-30 17:19:23] [INFO] fpn epoch : 39, train acc : 0.4233695864677429, test acc : 0.40104395151138306[0m
[0;30m[2020-11-30 17:19:23] [INFO] tensor([[1.0510e-12, 1.9249e-03, 9.9330e-01, 1.7890e-07, 3.9120e-08, 8.2554e-15,
         4.7785e-03, 6.5475e-14, 1.9067e-07, 7.9805e-09],
        [2.1567e-12, 1.0111e-02, 9.3942e-01, 3.0024e-07, 7.4019e-08, 1.3808e-14,
         5.0462e-02, 5.1365e-13, 2.4308e-06, 9.7693e-08],
        [1.3714e-13, 2.3712e-04, 9.9970e-01, 2.8113e-08, 5.4090e-09, 6.8591e-16,
         6.4646e-05, 6.9292e-14, 1.0054e-07, 2.5752e-09],
        [7.0213e-13, 3.6882e-03, 9.8850e-01, 1.8704e-07, 4.0169e-08, 6.5553e-15,
         7.8065e-03, 3.0934e-13, 3.0367e-07, 8.4567e-09],
        [2.6722e-13, 3.2306e-02, 9.6372e-01, 9.9501e-08, 1.7698e-08, 2.1226e-15,
         3.9758e-03, 1.3368e-13, 1.0962e-07, 8.7991e-09]], device='cuda:0')[0m
[0;30m[2020-11-30 17:19:24] [INFO] fpn epoch : 40, train acc : 0.4268478453159332, test acc : 0.3940843939781189[0m
[0;30m[2020-11-30 17:19:24] [INFO] tensor([[1.1393e-12, 1.0971e-02, 9.8581e-01, 2.0370e-07, 4.3978e-08, 7.6875e-15,
         3.2202e-03, 9.8798e-14, 2.6306e-07, 1.2169e-08],
        [2.5332e-12, 5.3274e-02, 9.0960e-01, 3.6806e-07, 8.9594e-08, 1.4249e-14,
         3.7117e-02, 8.0505e-13, 3.4963e-06, 1.5088e-07],
        [1.5374e-13, 1.1804e-03, 9.9878e-01, 3.2932e-08, 6.2622e-09, 6.6566e-16,
         4.4088e-05, 1.0625e-13, 1.3679e-07, 3.7514e-09],
        [8.2232e-13, 2.0937e-02, 9.7354e-01, 2.3299e-07, 4.9785e-08, 6.7908e-15,
         5.5210e-03, 5.3433e-13, 4.6818e-07, 1.4045e-08],
        [2.6468e-13, 1.4796e-01, 8.4974e-01, 1.0020e-07, 1.7729e-08, 1.7972e-15,
         2.3042e-03, 1.7452e-13, 1.3284e-07, 1.1876e-08]], device='cuda:0')[0m
[0;30m[2020-11-30 17:19:24] [INFO] fpn epoch : 41, train acc : 0.4292391538619995, test acc : 0.39973902702331543[0m
[0;30m[2020-11-30 17:19:24] [INFO] tensor([[1.3335e-12, 6.7749e-03, 9.8738e-01, 2.2717e-07, 4.9479e-08, 9.2548e-15,
         5.8407e-03, 9.9046e-14, 2.6944e-07, 1.1230e-08],
        [3.2276e-12, 3.5190e-02, 8.8323e-01, 4.3589e-07, 1.0743e-07, 1.8145e-14,
         8.1576e-02, 8.4903e-13, 3.7921e-06, 1.4969e-07],
        [1.7737e-13, 7.6319e-04, 9.9916e-01, 3.5853e-08, 6.9036e-09, 7.7505e-16,
         7.9748e-05, 1.0585e-13, 1.3771e-07, 3.4689e-09],
        [9.1904e-13, 1.4743e-02, 9.7479e-01, 2.4846e-07, 5.3806e-08, 7.5578e-15,
         1.0468e-02, 5.3149e-13, 4.7292e-07, 1.2955e-08],
        [3.2045e-13, 8.8387e-02, 9.0690e-01, 1.1294e-07, 2.0217e-08, 2.2022e-15,
         4.7113e-03, 1.7409e-13, 1.3390e-07, 1.0487e-08]], device='cuda:0')[0m
[0;30m[2020-11-30 17:19:24] [INFO] fpn epoch : 42, train acc : 0.4292391538619995, test acc : 0.40147891640663147[0m
[0;30m[2020-11-30 17:19:25] [INFO] tensor([[1.0426e-12, 5.5122e-03, 9.9232e-01, 1.8713e-07, 4.1065e-08, 7.2199e-15,
         2.1682e-03, 8.9098e-14, 2.0879e-07, 8.7744e-09],
        [2.7439e-12, 3.1195e-02, 9.3721e-01, 3.7899e-07, 9.4556e-08, 1.4947e-14,
         3.1590e-02, 8.1145e-13, 3.1588e-06, 1.2587e-07],
        [1.4019e-13, 6.5777e-04, 9.9931e-01, 2.9148e-08, 5.7223e-09, 5.9797e-16,
         2.8299e-05, 9.7466e-14, 1.0849e-07, 2.7740e-09],
        [6.8179e-13, 1.4140e-02, 9.8237e-01, 1.9384e-07, 4.2710e-08, 5.3881e-15,
         3.4911e-03, 4.9008e-13, 3.7275e-07, 1.0385e-08],
        [2.6966e-13, 7.3430e-02, 9.2485e-01, 9.6554e-08, 1.7615e-08, 1.8206e-15,
         1.7235e-03, 1.6195e-13, 1.0836e-07, 8.6096e-09]], device='cuda:0')[0m
[0;30m[2020-11-30 17:19:25] [INFO] fpn epoch : 43, train acc : 0.43086957931518555, test acc : 0.397564172744751[0m
[0;30m[2020-11-30 17:19:25] [INFO] tensor([[1.3895e-12, 7.7275e-03, 9.8769e-01, 2.2745e-07, 5.0654e-08, 9.0396e-15,
         4.5829e-03, 1.0344e-13, 2.4069e-07, 9.5871e-09],
        [3.7431e-12, 4.7149e-02, 8.7619e-01, 4.6142e-07, 1.1623e-07, 1.8698e-14,
         7.6655e-02, 9.3562e-13, 3.6454e-06, 1.3847e-07],
        [1.9000e-13, 9.7591e-04, 9.9896e-01, 3.5718e-08, 7.1615e-09, 7.5430e-16,
         6.0704e-05, 1.1558e-13, 1.2643e-07, 3.0931e-09],
        [8.3703e-13, 2.0542e-02, 9.7224e-01, 2.1779e-07, 4.8925e-08, 6.1883e-15,
         7.2204e-03, 5.4549e-13, 4.0636e-07, 1.0767e-08],
        [3.4375e-13, 9.8866e-02, 8.9735e-01, 1.0961e-07, 2.0368e-08, 2.1401e-15,
         3.7828e-03, 1.7167e-13, 1.1543e-07, 8.5419e-09]], device='cuda:0')[0m
[0;30m[2020-11-30 17:19:25] [INFO] fpn epoch : 44, train acc : 0.42934784293174744, test acc : 0.40017399191856384[0m
[0;30m[2020-11-30 17:19:26] [INFO] tensor([[1.3432e-12, 1.4239e-02, 9.8307e-01, 2.2566e-07, 4.9599e-08, 8.3826e-15,
         2.6950e-03, 1.1201e-13, 2.2995e-07, 9.6791e-09],
        [3.6223e-12, 8.5319e-02, 8.6909e-01, 4.4695e-07, 1.1122e-07, 1.7137e-14,
         4.5583e-02, 9.7717e-13, 3.3414e-06, 1.3231e-07],
        [1.8757e-13, 1.7820e-03, 9.9818e-01, 3.5544e-08, 7.1192e-09, 7.1842e-16,
         3.6796e-05, 1.2627e-13, 1.1972e-07, 3.0505e-09],
        [8.0925e-13, 3.8545e-02, 9.5721e-01, 2.1380e-07, 4.7774e-08, 5.8669e-15,
         4.2462e-03, 6.0485e-13, 3.8968e-07, 1.0839e-08],
        [3.1746e-13, 1.7714e-01, 8.2082e-01, 1.0052e-07, 1.8576e-08, 1.8627e-15,
         2.0433e-03, 1.7196e-13, 1.0344e-07, 8.1148e-09]], device='cuda:0')[0m
[0;30m[2020-11-30 17:19:26] [INFO] fpn epoch : 45, train acc : 0.42793479561805725, test acc : 0.40060895681381226[0m
[0;30m[2020-11-30 17:19:26] [INFO] tensor([[1.4820e-12, 1.0980e-02, 9.8474e-01, 2.3886e-07, 5.2350e-08, 9.2967e-15,
         4.2778e-03, 1.0637e-13, 2.2133e-07, 8.9243e-09],
        [4.0150e-12, 5.5880e-02, 8.6713e-01, 4.5831e-07, 1.1467e-07, 1.8197e-14,
         7.6983e-02, 8.8410e-13, 3.0572e-06, 1.1697e-07],
        [1.9889e-13, 1.1615e-03, 9.9878e-01, 3.5460e-08, 7.1881e-09, 7.5808e-16,
         5.6004e-05, 1.1400e-13, 1.0780e-07, 2.6420e-09],
        [8.5320e-13, 2.5671e-02, 9.6748e-01, 2.1458e-07, 4.8343e-08, 6.1628e-15,
         6.8533e-03, 5.6006e-13, 3.5562e-07, 9.4496e-09],
        [3.6227e-13, 1.2979e-01, 8.6655e-01, 1.0724e-07, 1.9928e-08, 2.1206e-15,
         3.6583e-03, 1.6327e-13, 1.0002e-07, 7.4139e-09]], device='cuda:0')[0m
[0;30m[2020-11-30 17:19:26] [INFO] fpn epoch : 46, train acc : 0.4315217435359955, test acc : 0.399304062128067[0m
[0;30m[2020-11-30 17:19:26] [INFO] tensor([[1.1875e-12, 9.6435e-03, 9.8806e-01, 1.9767e-07, 4.3293e-08, 7.1740e-15,
         2.2956e-03, 9.3823e-14, 1.7637e-07, 7.2826e-09],
        [3.4990e-12, 4.4907e-02, 9.1122e-01, 3.9898e-07, 1.0068e-07, 1.4819e-14,
         4.3869e-02, 8.1663e-13, 2.5219e-06, 9.8491e-08],
        [1.6271e-13, 9.7554e-04, 9.9899e-01, 2.9044e-08, 6.0105e-09, 5.9300e-16,
         3.0617e-05, 1.0243e-13, 8.6225e-08, 2.1579e-09],
        [6.8130e-13, 2.2961e-02, 9.7332e-01, 1.7454e-07, 4.0160e-08, 4.7197e-15,
         3.7143e-03, 5.2003e-13, 2.9372e-07, 7.9794e-09],
        [3.1130e-13, 1.0453e-01, 8.9340e-01, 9.2206e-08, 1.7328e-08, 1.7557e-15,
