[0;30m[2020-12-07 17:57:15] [INFO] dataset : gsad[0m
[0;30m[2020-12-07 17:57:15] [INFO] prototype number : 20[0m
[0;30m[2020-12-07 17:57:15] [INFO] batch_size : 3000[0m
[0;30m[2020-12-07 17:57:15] [INFO] epoch_size : 500[0m
[0;34m[2020-12-07 17:57:21] [DEBUG] =====starting on ['gsad']=======[0m
[0;32m[2020-12-07 17:57:21] [WARNING] =====Mission: Classification=======[0m
[0;32m[2020-12-07 17:57:21] [WARNING] =====k_fold: 1=======[0m
[0;30m[2020-12-07 17:57:35] [INFO] Accuracy of training data using SVM: 0.9853320121765137[0m
[0;30m[2020-12-07 17:57:35] [INFO] Accuracy of test data using SVM: 0.982924222946167[0m
[0;30m[2020-12-07 17:57:38] [INFO] tensor([[0.0553, 0.0488, 0.0534, 0.0469, 0.0443, 0.0475, 0.0521, 0.0495, 0.0535,
         0.0507, 0.0473, 0.0459, 0.0488, 0.0500, 0.0579, 0.0475, 0.0464, 0.0533,
         0.0535, 0.0474],
        [0.0501, 0.0536, 0.0502, 0.0495, 0.0484, 0.0479, 0.0545, 0.0493, 0.0546,
         0.0475, 0.0475, 0.0494, 0.0482, 0.0475, 0.0526, 0.0488, 0.0508, 0.0490,
         0.0496, 0.0509],
        [0.0483, 0.0549, 0.0475, 0.0513, 0.0482, 0.0477, 0.0573, 0.0482, 0.0584,
         0.0468, 0.0484, 0.0498, 0.0468, 0.0490, 0.0503, 0.0499, 0.0501, 0.0473,
         0.0471, 0.0528],
        [0.0574, 0.0398, 0.0568, 0.0460, 0.0431, 0.0508, 0.0426, 0.0538, 0.0409,
         0.0534, 0.0486, 0.0487, 0.0535, 0.0492, 0.0601, 0.0501, 0.0483, 0.0559,
         0.0569, 0.0441],
        [0.0509, 0.0536, 0.0497, 0.0482, 0.0475, 0.0477, 0.0552, 0.0477, 0.0558,
         0.0482, 0.0481, 0.0488, 0.0477, 0.0500, 0.0531, 0.0474, 0.0502, 0.0495,
         0.0497, 0.0509]], device='cuda:0')[0m
[0;30m[2020-12-07 17:57:38] [INFO] fpn epoch : 1, train acc : 0.25824517011642456, test acc : 0.2653859853744507[0m
[0;30m[2020-12-07 17:57:39] [INFO] tensor([[0.0619, 0.0492, 0.0577, 0.0418, 0.0377, 0.0435, 0.0566, 0.0474, 0.0638,
         0.0507, 0.0430, 0.0402, 0.0471, 0.0475, 0.0692, 0.0416, 0.0413, 0.0570,
         0.0577, 0.0451],
        [0.0493, 0.0616, 0.0489, 0.0480, 0.0468, 0.0445, 0.0626, 0.0455, 0.0690,
         0.0430, 0.0450, 0.0481, 0.0441, 0.0441, 0.0562, 0.0450, 0.0508, 0.0463,
         0.0481, 0.0531],
        [0.0440, 0.0634, 0.0424, 0.0514, 0.0473, 0.0446, 0.0697, 0.0444, 0.0794,
         0.0417, 0.0464, 0.0493, 0.0414, 0.0465, 0.0493, 0.0478, 0.0497, 0.0419,
         0.0419, 0.0575],
        [0.0689, 0.0291, 0.0666, 0.0367, 0.0322, 0.0514, 0.0332, 0.0571, 0.0328,
         0.0580, 0.0471, 0.0459, 0.0576, 0.0494, 0.0767, 0.0463, 0.0436, 0.0647,
         0.0665, 0.0360],
        [0.0507, 0.0619, 0.0473, 0.0451, 0.0450, 0.0442, 0.0647, 0.0427, 0.0723,
         0.0443, 0.0461, 0.0473, 0.0430, 0.0483, 0.0568, 0.0425, 0.0488, 0.0473,
         0.0478, 0.0538]], device='cuda:0')[0m
[0;30m[2020-12-07 17:57:39] [INFO] fpn epoch : 2, train acc : 0.3163836896419525, test acc : 0.32586267590522766[0m
[0;30m[2020-12-07 17:57:39] [INFO] tensor([[0.0709, 0.0494, 0.0624, 0.0334, 0.0296, 0.0362, 0.0637, 0.0422, 0.0947,
         0.0486, 0.0354, 0.0310, 0.0430, 0.0417, 0.0895, 0.0310, 0.0323, 0.0613,
         0.0633, 0.0406],
        [0.0455, 0.0740, 0.0435, 0.0445, 0.0457, 0.0379, 0.0813, 0.0368, 0.1158,
         0.0343, 0.0394, 0.0445, 0.0356, 0.0375, 0.0589, 0.0375, 0.0477, 0.0403,
         0.0431, 0.0562],
        [0.0355, 0.0764, 0.0325, 0.0502, 0.0461, 0.0378, 0.0924, 0.0362, 0.1435,
         0.0324, 0.0405, 0.0458, 0.0316, 0.0395, 0.0451, 0.0419, 0.0457, 0.0322,
         0.0324, 0.0623],
        [0.0895, 0.0164, 0.0826, 0.0223, 0.0182, 0.0490, 0.0207, 0.0575, 0.0249,
         0.0631, 0.0420, 0.0388, 0.0612, 0.0453, 0.1120, 0.0366, 0.0337, 0.0794,
         0.0833, 0.0234],
        [0.0471, 0.0747, 0.0408, 0.0402, 0.0433, 0.0374, 0.0845, 0.0328, 0.1239,
         0.0360, 0.0407, 0.0435, 0.0339, 0.0424, 0.0590, 0.0339, 0.0446, 0.0412,
         0.0424, 0.0577]], device='cuda:0')[0m
[0;30m[2020-12-07 17:57:39] [INFO] fpn epoch : 3, train acc : 0.405013769865036, test acc : 0.4147990047931671[0m
[0;30m[2020-12-07 17:57:40] [INFO] tensor([[0.0878, 0.0457, 0.0696, 0.0208, 0.0192, 0.0262, 0.0641, 0.0350, 0.1182,
         0.0448, 0.0247, 0.0200, 0.0376, 0.0315, 0.1389, 0.0184, 0.0206, 0.0698,
         0.0749, 0.0322],
        [0.0429, 0.0933, 0.0379, 0.0345, 0.0400, 0.0298, 0.1000, 0.0268, 0.1774,
         0.0250, 0.0319, 0.0383, 0.0261, 0.0293, 0.0693, 0.0264, 0.0403, 0.0350,
         0.0390, 0.0569],
        [0.0255, 0.0935, 0.0216, 0.0410, 0.0397, 0.0286, 0.1231, 0.0257, 0.2428,
         0.0219, 0.0314, 0.0383, 0.0206, 0.0298, 0.0399, 0.0307, 0.0370, 0.0214,
         0.0221, 0.0652],
        [0.1198, 0.0056, 0.1003, 0.0082, 0.0063, 0.0394, 0.0076, 0.0509, 0.0103,
         0.0632, 0.0316, 0.0259, 0.0599, 0.0353, 0.1810, 0.0215, 0.0194, 0.0980,
         0.1056, 0.0099],
        [0.0422, 0.0953, 0.0323, 0.0300, 0.0380, 0.0291, 0.1083, 0.0219, 0.1965,
         0.0262, 0.0331, 0.0370, 0.0236, 0.0339, 0.0642, 0.0229, 0.0361, 0.0339,
         0.0358, 0.0599]], device='cuda:0')[0m
[0;30m[2020-12-07 17:57:40] [INFO] fpn epoch : 4, train acc : 0.33674106001853943, test acc : 0.3347563147544861[0m
[0;30m[2020-12-07 17:57:41] [INFO] tensor([[0.1009, 0.0431, 0.0725, 0.0105, 0.0111, 0.0174, 0.0555, 0.0304, 0.1117,
         0.0383, 0.0154, 0.0122, 0.0336, 0.0199, 0.2140, 0.0103, 0.0121, 0.0781,
         0.0889, 0.0241],
        [0.0415, 0.1283, 0.0351, 0.0230, 0.0321, 0.0244, 0.1057, 0.0204, 0.2010,
         0.0187, 0.0269, 0.0333, 0.0199, 0.0244, 0.0902, 0.0169, 0.0310, 0.0330,
         0.0393, 0.0548],
        [0.0163, 0.1214, 0.0135, 0.0279, 0.0317, 0.0216, 0.1463, 0.0180, 0.3197,
         0.0148, 0.0249, 0.0313, 0.0128, 0.0233, 0.0338, 0.0199, 0.0273, 0.0135,
         0.0145, 0.0674],
        [0.1385, 0.0012, 0.1052, 0.0022, 0.0015, 0.0254, 0.0017, 0.0394, 0.0022,
         0.0524, 0.0177, 0.0139, 0.0528, 0.0177, 0.2748, 0.0104, 0.0097, 0.1083,
         0.1220, 0.0030],
        [0.0331, 0.1355, 0.0228, 0.0189, 0.0301, 0.0237, 0.1261, 0.0143, 0.2487,
         0.0184, 0.0285, 0.0323, 0.0161, 0.0278, 0.0654, 0.0136, 0.0266, 0.0258,
         0.0285, 0.0637]], device='cuda:0')[0m
[0;30m[2020-12-07 17:57:41] [INFO] fpn epoch : 5, train acc : 0.40376922488212585, test acc : 0.40341514348983765[0m
[0;30m[2020-12-07 17:57:41] [INFO] tensor([[0.0843, 0.0526, 0.0645, 0.0075, 0.0097, 0.0147, 0.0593, 0.0366, 0.1336,
         0.0319, 0.0121, 0.0113, 0.0357, 0.0136, 0.2206, 0.0095, 0.0118, 0.0723,
         0.0931, 0.0252],
        [0.0355, 0.1626, 0.0356, 0.0156, 0.0299, 0.0241, 0.0974, 0.0203, 0.1947,
         0.0167, 0.0260, 0.0338, 0.0191, 0.0237, 0.0961, 0.0125, 0.0268, 0.0321,
         0.0440, 0.0534],
        [0.0094, 0.1387, 0.0092, 0.0184, 0.0283, 0.0182, 0.1502, 0.0151, 0.3820,
         0.0117, 0.0215, 0.0271, 0.0089, 0.0200, 0.0221, 0.0140, 0.0206, 0.0087,
         0.0096, 0.0663],
        [0.1207, 0.0005, 0.1059, 0.0015, 0.0009, 0.0216, 0.0007, 0.0436, 0.0008,
         0.0438, 0.0111, 0.0124, 0.0612, 0.0069, 0.2996, 0.0096, 0.0107, 0.1072,
         0.1392, 0.0020],
        [0.0187, 0.1785, 0.0139, 0.0115, 0.0264, 0.0222, 0.1378, 0.0110, 0.2899,
         0.0145, 0.0277, 0.0317, 0.0123, 0.0258, 0.0422, 0.0087, 0.0205, 0.0161,
         0.0190, 0.0717]], device='cuda:0')[0m
[0;30m[2020-12-07 17:57:41] [INFO] fpn epoch : 6, train acc : 0.5271579623222351, test acc : 0.5371753573417664[0m
[0;30m[2020-12-07 17:57:42] [INFO] tensor([[6.2606e-02, 6.1208e-02, 5.7252e-02, 6.8512e-03, 1.0469e-02, 1.4465e-02,
         6.6178e-02, 5.1900e-02, 1.6698e-01, 2.5900e-02, 1.1227e-02, 1.3119e-02,
         4.0380e-02, 1.0440e-02, 1.8833e-01, 1.1927e-02, 1.6830e-02, 5.9810e-02,
         9.4317e-02, 2.9813e-02],
        [3.2171e-02, 1.7485e-01, 4.3840e-02, 1.1408e-02, 3.0374e-02, 2.8215e-02,
         8.0544e-02, 2.5825e-02, 1.6053e-01, 1.7472e-02, 2.6841e-02, 3.9241e-02,
         2.3151e-02, 2.3099e-02, 9.9187e-02, 1.1229e-02, 2.8673e-02, 3.3602e-02,
         5.7548e-02, 5.2201e-02],
        [6.3746e-03, 1.3218e-01, 7.6695e-03, 1.3085e-02, 2.6154e-02, 1.6952e-02,
         1.4523e-01, 1.6437e-02, 4.3491e-01, 1.0582e-02, 1.9462e-02, 2.5281e-02,
         7.2603e-03, 1.7016e-02, 1.4162e-02, 1.1807e-02, 1.8155e-02, 6.6702e-03,
         7.5642e-03, 6.3041e-02],
        [9.6908e-02, 3.6987e-04, 1.1339e-01, 2.1101e-03, 1.0865e-03, 2.3447e-02,
         5.6405e-04, 6.0210e-02, 3.9036e-04, 3.8851e-02, 8.5087e-03, 1.6207e-02,
         8.2798e-02, 2.6690e-03, 2.6037e-01, 1.2829e-02, 1.9811e-02, 9.9299e-02,
         1.5795e-01, 2.2330e-03],
        [1.0825e-02, 1.9806e-01, 9.6611e-03, 7.1159e-03, 2.5174e-02, 2.3253e-02,
         1.3890e-01, 1.0233e-02, 3.1328e-01, 1.3650e-02, 2.8356e-02, 3.3612e-02,
         1.0936e-02, 2.3675e-02, 2.3523e-02, 6.1908e-03, 1.7965e-02, 1.0510e-02,
         1.3270e-02, 8.1804e-02]], device='cuda:0')[0m
[0;30m[2020-12-07 17:57:42] [INFO] fpn epoch : 7, train acc : 0.4931994080543518, test acc : 0.5065813064575195[0m
[0;30m[2020-12-07 17:57:43] [INFO] tensor([[5.4449e-02, 5.2824e-02, 5.4637e-02, 4.8625e-03, 8.7799e-03, 1.1197e-02,
         5.7495e-02, 6.1056e-02, 1.8049e-01, 1.8821e-02, 8.1943e-03, 1.1027e-02,
         4.0866e-02, 6.5372e-03, 2.0948e-01, 1.0282e-02, 1.9960e-02, 5.2698e-02,
         1.0990e-01, 2.6435e-02],
        [3.0774e-02, 1.7653e-01, 5.4455e-02, 7.6965e-03, 2.9060e-02, 2.9913e-02,
         6.2711e-02, 3.0129e-02, 1.3415e-01, 1.6206e-02, 2.3873e-02, 4.3372e-02,
         2.5630e-02, 1.7851e-02, 1.1629e-01, 9.0357e-03, 3.2342e-02, 3.4235e-02,
         7.8263e-02, 4.7472e-02],
        [4.1185e-03, 1.0967e-01, 5.5583e-03, 8.4453e-03, 2.1497e-02, 1.2967e-02,
         1.3198e-01, 1.6537e-02, 5.3303e-01, 7.7431e-03, 1.4146e-02, 2.0053e-02,
         5.0174e-03, 1.0883e-02, 9.8162e-03, 8.8337e-03, 1.5407e-02, 4.5095e-03,
         5.4617e-03, 5.4324e-02],
        [8.2676e-02, 1.3232e-04, 1.2177e-01, 1.5648e-03, 8.5412e-04, 1.9869e-02,
         2.4793e-04, 6.1872e-02, 1.0981e-04, 2.9815e-02, 5.1426e-03, 1.4804e-02,
         9.0821e-02, 8.4715e-04, 2.6197e-01, 1.0183e-02, 2.5158e-02, 8.9353e-02,
         1.8129e-01, 1.5125e-03],
        [6.7228e-03, 2.0415e-01, 6.5913e-03, 3.7673e-03, 2.2354e-02, 2.1185e-02,
         1.3194e-01, 8.5503e-03, 3.6347e-01, 1.1562e-02, 2.5021e-02, 3.1602e-02,
         8.5276e-03, 1.7885e-02, 1.4720e-02, 3.8058e-03, 1.5268e-02, 6.7739e-03,
         9.2676e-03, 8.6846e-02]], device='cuda:0')[0m
[0;30m[2020-12-07 17:57:43] [INFO] fpn epoch : 8, train acc : 0.5317806005477905, test acc : 0.5482034683227539[0m
[0;30m[2020-12-07 17:57:43] [INFO] tensor([[5.4730e-02, 5.2217e-02, 5.1587e-02, 3.0516e-03, 7.4031e-03, 8.0735e-03,
         4.4618e-02, 5.7339e-02, 1.7306e-01, 1.3760e-02, 5.8288e-03, 8.0446e-03,
         3.7138e-02, 4.3719e-03, 2.4717e-01, 6.6215e-03, 2.2315e-02, 4.7417e-02,
         1.3362e-01, 2.1630e-02],
        [2.7195e-02, 2.0552e-01, 6.0131e-02, 5.3885e-03, 2.9101e-02, 2.9449e-02,
         5.2095e-02, 3.2926e-02, 1.0938e-01, 1.3349e-02, 1.9617e-02, 4.7546e-02,
         2.4736e-02, 1.3548e-02, 1.1558e-01, 6.5973e-03, 4.1942e-02, 2.9234e-02,
         9.2150e-02, 4.4505e-02],
        [2.5465e-03, 1.0261e-01, 3.5166e-03, 5.5457e-03, 1.8722e-02, 8.4479e-03,
         1.1000e-01, 1.4990e-02, 6.2065e-01, 4.9112e-03, 9.4637e-03, 1.4006e-02,
         2.9441e-03, 6.8323e-03, 6.9351e-03, 5.9754e-03, 1.3210e-02, 2.7390e-03,
         3.5845e-03, 4.2373e-02],
        [7.0121e-02, 5.7384e-05, 1.2643e-01, 1.0767e-03, 9.0478e-04, 1.7387e-02,
         1.4163e-04, 6.1655e-02, 3.8093e-05, 2.3219e-02, 3.4649e-03, 1.4173e-02,
         9.8226e-02, 3.5174e-04, 2.5578e-01, 7.0156e-03, 3.5215e-02, 7.7348e-02,
         2.0629e-01, 1.1088e-03],
        [4.2584e-03, 2.5082e-01, 4.0494e-03, 1.8463e-03, 1.9614e-02, 1.7421e-02,
         1.1519e-01, 6.1325e-03, 3.8237e-01, 8.9142e-03, 2.1412e-02, 2.6847e-02,
         5.7972e-03, 1.4203e-02, 9.1005e-03, 1.9576e-03, 1.2857e-02, 4.3220e-03,
         5.9288e-03, 8.6964e-02]], device='cuda:0')[0m
[0;30m[2020-12-07 17:57:43] [INFO] fpn epoch : 9, train acc : 0.5890301465988159, test acc : 0.5997865796089172[0m
[0;30m[2020-12-07 17:57:44] [INFO] tensor([[6.3948e-02, 4.3528e-02, 4.7550e-02, 2.5339e-03, 6.3785e-03, 6.6339e-03,
         2.9731e-02, 5.8002e-02, 1.4489e-01, 1.1805e-02, 4.7083e-03, 6.3662e-03,
         3.3745e-02, 3.5649e-03, 2.7720e-01, 4.6006e-03, 3.0918e-02, 4.4800e-02,
         1.6382e-01, 1.5286e-02],
        [2.4679e-02, 1.5093e-01, 6.9572e-02, 6.3960e-03, 3.6701e-02, 3.0038e-02,
         4.7196e-02, 5.0347e-02, 8.8346e-02, 1.1897e-02, 1.4738e-02, 5.8543e-02,
         2.6249e-02, 1.0337e-02, 1.0403e-01, 6.5822e-03, 8.6652e-02, 2.4495e-02,
         1.0840e-01, 4.3880e-02],
        [2.2080e-03, 7.3586e-02, 2.8993e-03, 6.2467e-03, 1.4416e-02, 5.7717e-03,
         7.6649e-02, 1.7632e-02, 7.1656e-01, 3.6603e-03, 6.4674e-03, 9.7085e-03,
         2.0746e-03, 4.8691e-03, 6.7330e-03, 5.8756e-03, 1.3820e-02, 2.2133e-03,
         3.0842e-03, 2.5524e-02],
        [5.3558e-02, 4.3509e-05, 1.2339e-01, 1.2775e-03, 2.1586e-03, 1.7836e-02,
         1.8537e-04, 7.7524e-02, 2.4962e-05, 1.9435e-02, 3.0784e-03, 1.8228e-02,
         1.1660e-01, 2.1731e-04, 2.0355e-01, 6.3864e-03, 8.1245e-02, 6.0164e-02,
         2.1381e-01, 1.2934e-03],
        [3.8945e-03, 2.5345e-01, 3.3217e-03, 1.4199e-03, 1.7325e-02, 1.6368e-02,
         1.1301e-01, 6.1009e-03, 3.9778e-01, 8.6816e-03, 2.0448e-02, 2.4498e-02,
         4.9324e-03, 1.3844e-02, 7.4525e-03, 1.3384e-03, 1.6624e-02, 3.9474e-03,
         5.0262e-03, 8.0532e-02]], device='cuda:0')[0m
[0;30m[2020-12-07 17:57:44] [INFO] fpn epoch : 10, train acc : 0.6242332458496094, test acc : 0.6346495747566223[0m
[0;30m[2020-12-07 17:57:45] [INFO] tensor([[7.9428e-02, 4.1776e-02, 3.6514e-02, 2.0009e-03, 5.8195e-03, 5.2419e-03,
         1.7691e-02, 5.6740e-02, 1.2276e-01, 1.0335e-02, 3.8449e-03, 4.6844e-03,
         2.6369e-02, 3.3083e-03, 3.0959e-01, 2.8275e-03, 3.8013e-02, 3.9694e-02,
         1.8344e-01, 9.9223e-03],
        [2.0269e-02, 1.1497e-01, 6.7174e-02, 7.9151e-03, 3.8236e-02, 2.4811e-02,
         3.7602e-02, 7.8798e-02, 7.4595e-02, 9.3327e-03, 9.8008e-03, 5.8513e-02,
         2.2901e-02, 7.8709e-03, 8.5647e-02, 6.2796e-03, 1.8043e-01, 1.6980e-02,
         1.0920e-01, 2.8681e-02],
        [1.7785e-03, 5.4620e-02, 2.0489e-03, 6.4838e-03, 7.8213e-03, 3.2318e-03,
         3.5716e-02, 1.8319e-02, 8.1372e-01, 2.3042e-03, 3.8956e-03, 5.3222e-03,
         1.1679e-03, 3.4529e-03, 6.1131e-03, 4.8425e-03, 1.1966e-02, 1.5680e-03,
         2.2464e-03, 1.3382e-02],
        [3.9817e-02, 3.4835e-05, 1.0144e-01, 1.4222e-03, 6.2582e-03, 1.6842e-02,
         2.6557e-04, 9.1488e-02, 1.4473e-05, 1.5999e-02, 2.7373e-03, 2.1992e-02,
         1.2003e-01, 1.2431e-04, 1.5764e-01, 5.1116e-03, 1.7435e-01, 4.2323e-02,
         2.0078e-01, 1.3281e-03],
        [3.5733e-03, 2.8383e-01, 2.4354e-03, 9.6287e-04, 1.0784e-02, 1.3537e-02,
         1.0724e-01, 5.3219e-03, 4.1217e-01, 7.7023e-03, 1.8693e-02, 1.8914e-02,
         3.6117e-03, 1.4646e-02, 5.9061e-03, 7.5836e-04, 1.9324e-02, 3.5408e-03,
         3.8808e-03, 6.3161e-02]], device='cuda:0')[0m
[0;30m[2020-12-07 17:57:45] [INFO] fpn epoch : 11, train acc : 0.673393189907074, test acc : 0.6837424635887146[0m
[0;30m[2020-12-07 17:57:45] [INFO] tensor([[1.0664e-01, 2.9687e-02, 2.1006e-02, 8.6125e-04, 3.6039e-03, 2.9930e-03,
         6.8640e-03, 4.3454e-02, 4.6870e-02, 7.1441e-03, 2.2471e-03, 2.3342e-03,
         1.4720e-02, 2.2907e-03, 4.4559e-01, 1.1109e-03, 2.9853e-02, 3.0760e-02,
         1.9750e-01, 4.4637e-03],
        [1.9164e-02, 9.4898e-02, 5.9175e-02, 6.9115e-03, 3.3925e-02, 1.8078e-02,
         2.3673e-02, 1.1063e-01, 4.0739e-02, 6.6492e-03, 5.8840e-03, 5.1536e-02,
         1.6935e-02, 5.6825e-03, 8.9722e-02, 4.9217e-03, 2.7546e-01, 1.1263e-02,
         1.0786e-01, 1.6900e-02],
        [2.1101e-03, 6.2956e-02, 1.9331e-03, 6.8189e-03, 5.6200e-03, 2.3341e-03,
         2.5266e-02, 2.6733e-02, 8.1186e-01, 1.8627e-03, 3.0808e-03, 3.9261e-03,
         8.4237e-04, 3.4309e-03, 9.6404e-03, 4.6609e-03, 1.3264e-02, 1.5008e-03,
         2.2533e-03, 9.9013e-03],
        [3.4191e-02, 1.8012e-05, 7.7909e-02, 8.4072e-04, 1.3472e-02, 1.3415e-02,
         2.1063e-04, 9.8070e-02, 4.6134e-06, 1.2329e-02, 1.8836e-03, 1.9678e-02,
         1.0055e-01, 5.6446e-05, 1.5786e-01, 3.0027e-03, 2.4382e-01, 2.8372e-02,
         1.9350e-01, 8.1553e-04],
        [4.3401e-03, 4.0497e-01, 1.9999e-03, 5.7651e-04, 6.2414e-03, 1.2323e-02,
         9.0671e-02, 4.7754e-03, 3.1389e-01, 7.5391e-03, 1.9561e-02, 1.6059e-02,
         2.8747e-03, 1.8824e-02, 7.3517e-03, 4.3988e-04, 2.0570e-02, 3.8006e-03,
         3.7212e-03, 5.9472e-02]], device='cuda:0')[0m
[0;30m[2020-12-07 17:57:45] [INFO] fpn epoch : 12, train acc : 0.7351764440536499, test acc : 0.7534685134887695[0m
[0;30m[2020-12-07 17:57:46] [INFO] tensor([[1.2651e-01, 2.0619e-02, 9.6571e-03, 3.1941e-04, 2.1662e-03, 1.5849e-03,
         3.1963e-03, 3.6664e-02, 2.7002e-02, 3.9844e-03, 1.1788e-03, 1.1362e-03,
         7.1207e-03, 1.2063e-03, 5.4907e-01, 4.7734e-04, 2.3578e-02, 1.8136e-02,
         1.6427e-01, 2.1274e-03],
        [1.8709e-02, 7.9401e-02, 5.1325e-02, 4.5806e-03, 2.3585e-02, 1.2285e-02,
         1.5763e-02, 1.4833e-01, 3.3990e-02, 4.5338e-03, 3.2985e-03, 4.1386e-02,
         1.1371e-02, 3.4452e-03, 8.8595e-02, 3.5712e-03, 3.4481e-01, 7.0721e-03,
         9.3830e-02, 1.0120e-02],
        [1.6562e-03, 4.9541e-02, 1.2246e-03, 4.1122e-03, 2.4608e-03, 1.1048e-03,
         1.5094e-02, 2.8135e-02, 8.6107e-01, 9.5498e-04, 1.5284e-03, 1.9659e-03,
         4.2056e-04, 1.9114e-03, 8.9781e-03, 3.0722e-03, 9.0958e-03, 9.1931e-04,
         1.3317e-03, 5.4177e-03],
        [2.6059e-02, 1.0475e-05, 4.6182e-02, 4.9610e-04, 3.0263e-02, 9.2072e-03,
         1.6385e-04, 1.0499e-01, 1.6638e-06, 7.7881e-03, 1.1930e-03, 1.7607e-02,
         6.6750e-02, 1.7782e-05, 1.3386e-01, 1.9652e-03, 3.8313e-01, 1.5137e-02,
         1.5466e-01, 5.2498e-04],
        [4.0731e-03, 4.7775e-01, 1.2632e-03, 2.5926e-04, 3.1013e-03, 8.8848e-03,
         8.0157e-02, 3.4691e-03, 2.9327e-01, 5.5455e-03, 1.5300e-02, 1.1003e-02,
         1.8732e-03, 1.6420e-02, 6.7361e-03, 2.3014e-04, 1.5049e-02, 3.0384e-03,
         2.5598e-03, 5.0019e-02]], device='cuda:0')[0m
[0;30m[2020-12-07 17:57:46] [INFO] fpn epoch : 13, train acc : 0.7681571841239929, test acc : 0.7758804559707642[0m
[0;30m[2020-12-07 17:57:47] [INFO] tensor([[1.3398e-01, 1.5961e-02, 4.7345e-03, 1.1943e-04, 1.2155e-03, 7.8202e-04,
         1.9473e-03, 3.4882e-02, 2.6563e-02, 1.9372e-03, 5.4668e-04, 5.5744e-04,
         3.2733e-03, 4.8810e-04, 6.2482e-01, 2.4834e-04, 1.9155e-02, 8.9954e-03,
         1.1860e-01, 1.1993e-03],
        [1.7870e-02, 7.4939e-02, 4.4808e-02, 2.5488e-03, 1.3392e-02, 7.6273e-03,
         1.3154e-02, 1.8543e-01, 4.8112e-02, 2.8748e-03, 1.7652e-03, 3.0785e-02,
         6.9844e-03, 1.6990e-03, 9.0168e-02, 2.4808e-03, 3.6918e-01, 4.2750e-03,
         7.5220e-02, 6.6803e-03],
        [7.3242e-04, 2.6654e-02, 4.8160e-04, 1.6290e-03, 7.7264e-04, 3.2598e-04,
         7.4775e-03, 1.9733e-02, 9.2722e-01, 2.8707e-04, 4.4700e-04, 6.3494e-04,
         1.3742e-04, 5.2750e-04, 4.5723e-03, 1.3305e-03, 4.0518e-03, 3.2779e-04,
         4.2477e-04, 2.2277e-03],
        [1.8798e-02, 5.8725e-06, 2.7469e-02, 2.6797e-04, 4.0410e-02, 5.9004e-03,
         1.1491e-04, 1.2095e-01, 8.0261e-07, 4.4619e-03, 6.6262e-04, 1.4945e-02,
         3.8222e-02, 4.2849e-06, 1.0957e-01, 1.4399e-03, 5.0025e-01, 6.9249e-03,
         1.0928e-01, 3.2039e-04],
        [2.7789e-03, 4.7225e-01, 6.2433e-04, 1.0746e-04, 1.5842e-03, 4.8323e-03,
         7.0793e-02, 2.0003e-03, 3.6375e-01, 2.8991e-03, 8.4109e-03, 5.8992e-03,
         9.6983e-04, 8.6376e-03, 4.8142e-03, 1.0863e-04, 8.2633e-03, 1.7382e-03,
         1.2584e-03, 3.8285e-02]], device='cuda:0')[0m
[0;30m[2020-12-07 17:57:47] [INFO] fpn epoch : 14, train acc : 0.8014934659004211, test acc : 0.8011384010314941[0m
[0;30m[2020-12-07 17:57:47] [INFO] tensor([[1.1304e-01, 1.3390e-02, 2.5244e-03, 5.0434e-05, 5.3567e-04, 3.5214e-04,
         1.1282e-03, 3.1256e-02, 1.5643e-02, 8.3328e-04, 2.3878e-04, 2.7986e-04,
         1.4129e-03, 1.8710e-04, 7.2923e-01, 1.4388e-04, 1.5118e-02, 4.0815e-03,
         6.9836e-02, 7.2209e-04],
        [1.4131e-02, 6.8906e-02, 3.8850e-02, 1.5310e-03, 7.8263e-03, 4.5904e-03,
         9.8188e-03, 2.1521e-01, 3.3889e-02, 1.6241e-03, 8.5820e-04, 2.4779e-02,
         4.0698e-03, 7.2937e-04, 8.9297e-02, 1.8048e-03, 4.2553e-01, 2.3336e-03,
         4.9998e-02, 4.2247e-03],
        [4.9254e-04, 2.5836e-02, 3.2491e-04, 1.1257e-03, 4.8579e-04, 1.6244e-04,
         5.8648e-03, 2.5317e-02, 9.2854e-01, 1.4223e-04, 2.1343e-04, 3.6183e-04,
         7.7424e-05, 2.2440e-04, 3.8261e-03, 9.8770e-04, 4.0187e-03, 1.9247e-04,
         2.2035e-04, 1.5833e-03],
        [1.3890e-02, 3.7501e-06, 1.9480e-02, 1.5251e-04, 3.3712e-02, 3.9198e-03,
         9.3307e-05, 1.5266e-01, 4.2293e-07, 2.5883e-03, 3.4895e-04, 1.4437e-02,
         2.2484e-02, 1.1132e-06, 9.9765e-02, 1.1763e-03, 5.5655e-01, 3.4020e-03,
         7.5130e-02, 2.0727e-04],
        [2.2979e-03, 5.7888e-01, 4.0020e-04, 5.6678e-05, 1.0039e-03, 3.0755e-03,
         6.0422e-02, 1.4826e-03, 2.8930e-01, 1.7848e-03, 5.3097e-03, 3.8475e-03,
         6.1709e-04, 5.0744e-03, 4.7116e-03, 6.1218e-05, 6.5542e-03, 1.2199e-03,
         7.4612e-04, 3.3153e-02]], device='cuda:0')[0m
[0;30m[2020-12-07 17:57:47] [INFO] fpn epoch : 15, train acc : 0.8495866656303406, test acc : 0.8520099520683289[0m
[0;30m[2020-12-07 17:57:48] [INFO] tensor([[8.0257e-02, 1.4344e-02, 1.6206e-03, 2.4723e-05, 2.4924e-04, 1.7652e-04,
         7.3863e-04, 2.7876e-02, 1.0408e-02, 3.7364e-04, 1.2377e-04, 1.7403e-04,
         6.5501e-04, 8.6289e-05, 8.1076e-01, 1.0297e-04, 1.2194e-02, 1.9191e-03,
         3.7403e-02, 5.1848e-04],
        [9.8449e-03, 6.6501e-02, 3.8679e-02, 9.5439e-04, 4.9197e-03, 2.8637e-03,
         6.6471e-03, 2.3980e-01, 2.2672e-02, 9.5725e-04, 4.6059e-04, 2.1749e-02,
         2.3991e-03, 3.5207e-04, 8.9793e-02, 1.3761e-03, 4.5368e-01, 1.4141e-03,
         3.2360e-02, 2.5701e-03],
        [3.5321e-04, 2.6968e-02, 2.6204e-04, 8.1530e-04, 3.4766e-04, 9.1478e-05,
         4.4583e-03, 3.4078e-02, 9.2242e-01, 8.1432e-05, 1.1415e-04, 2.2602e-04,
         4.9152e-05, 1.0890e-04, 3.6209e-03, 7.9239e-04, 3.8363e-03, 1.3087e-04,
         1.3452e-04, 1.1133e-03],
        [8.4856e-03, 3.7191e-06, 1.7069e-02, 9.4906e-05, 2.7750e-02, 3.0580e-03,
         9.8656e-05, 1.8596e-01, 3.0182e-07, 1.6348e-03, 2.1616e-04, 1.6934e-02,
         1.4237e-02, 3.5586e-07, 8.2312e-02, 1.0934e-03, 5.9227e-01, 1.7910e-03,
         4.6817e-02, 1.7623e-04],
        [1.7608e-03, 6.9280e-01, 2.7390e-04, 2.9222e-05, 6.2415e-04, 1.9360e-03,
         4.6774e-02, 1.0704e-03, 2.0745e-01, 1.1198e-03, 3.3580e-03, 2.4307e-03,
         3.8955e-04, 3.0489e-03, 4.5150e-03, 3.3952e-05, 4.9046e-03, 8.7353e-04,
         4.4751e-04, 2.6155e-02]], device='cuda:0')[0m
[0;30m[2020-12-07 17:57:48] [INFO] fpn epoch : 16, train acc : 0.8569650650024414, test acc : 0.8545001745223999[0m
[0;30m[2020-12-07 17:57:49] [INFO] tensor([[5.1846e-02, 1.5319e-02, 1.2184e-03, 1.1506e-05, 1.2028e-04, 9.3921e-05,
         4.8155e-04, 2.2249e-02, 7.9486e-03, 1.7770e-04, 6.9855e-05, 1.2178e-04,
         3.2146e-04, 4.4556e-05, 8.7031e-01, 7.9861e-05, 8.6210e-03, 9.9140e-04,
         1.9605e-02, 3.7164e-04],
        [7.4785e-03, 6.6050e-02, 4.8096e-02, 5.6280e-04, 3.3262e-03, 1.9376e-03,
         4.4904e-03, 2.5404e-01, 1.9803e-02, 6.5530e-04, 3.0093e-04, 2.0408e-02,
         1.5246e-03, 2.1383e-04, 1.1085e-01, 1.0720e-03, 4.3226e-01, 1.0567e-03,
         2.4227e-02, 1.6437e-03],
        [2.4789e-04, 2.3569e-02, 2.1933e-04, 4.9952e-04, 2.2061e-04, 5.0918e-05,
         2.6314e-03, 3.5816e-02, 9.2854e-01, 4.8014e-05, 5.9851e-05, 1.3220e-04,
         3.0320e-05, 5.4103e-05, 3.8649e-03, 5.6723e-04, 2.6092e-03, 8.9796e-05,
         8.6661e-05, 6.6173e-04],
        [5.0738e-03, 4.9874e-06, 1.7544e-02, 5.6967e-05, 2.5753e-02, 2.6724e-03,
         1.1085e-04, 2.1221e-01, 2.7092e-07, 1.2026e-03, 1.7250e-04, 2.3369e-02,
         1.0316e-02, 1.7477e-07, 7.0001e-02, 1.0813e-03, 6.0069e-01, 1.1000e-03,
         2.8463e-02, 1.7804e-04],
        [1.3771e-03, 7.6046e-01, 2.0862e-04, 1.5480e-05, 4.0269e-04, 1.2468e-03,
         3.3654e-02, 7.1529e-04, 1.6717e-01, 7.6150e-04, 2.2087e-03, 1.5484e-03,
         2.5536e-04, 1.9792e-03, 4.8056e-03, 2.0149e-05, 3.1702e-03, 6.7365e-04,
         2.9645e-04, 1.9027e-02]], device='cuda:0')[0m
[0;30m[2020-12-07 17:57:49] [INFO] fpn epoch : 17, train acc : 0.8723441958427429, test acc : 0.8687300086021423[0m
[0;30m[2020-12-07 17:57:49] [INFO] tensor([[3.4483e-02, 2.1825e-02, 1.1764e-03, 7.2043e-06, 8.1837e-05, 6.2833e-05,
         4.3188e-04, 1.9621e-02, 8.5176e-03, 1.0596e-04, 5.1276e-05, 1.1588e-04,
         1.9844e-04, 3.1226e-05, 8.9316e-01, 7.6274e-05, 7.6127e-03, 6.2460e-04,
         1.1477e-02, 3.3997e-04],
        [4.8981e-03, 7.1363e-02, 6.3060e-02, 3.6580e-04, 2.8127e-03, 1.3674e-03,
         3.4241e-03, 2.5079e-01, 2.0452e-02, 4.6301e-04, 2.1175e-04, 2.1404e-02,
         1.0141e-03, 1.4304e-04, 1.0822e-01, 8.6943e-04, 4.2980e-01, 7.7850e-04,
         1.7413e-02, 1.1503e-03],
        [1.4852e-04, 2.0435e-02, 1.7213e-04, 2.9344e-04, 1.4166e-04, 2.7139e-05,
         1.5780e-03, 3.1030e-02, 9.4025e-01, 2.6580e-05, 3.1014e-05, 7.7978e-05,
         1.7111e-05, 2.7200e-05, 3.2439e-03, 3.7212e-04, 1.6444e-03, 5.5291e-05,
         5.1436e-05, 3.7941e-04],
        [2.5600e-03, 7.8278e-06, 1.8512e-02, 3.8689e-05, 2.9270e-02, 2.2996e-03,
         1.4127e-04, 2.2951e-01, 3.1033e-07, 8.7425e-04, 1.4534e-04, 3.3042e-02,
         7.7121e-03, 1.0110e-07, 4.4841e-02, 1.0892e-03, 6.1315e-01, 6.9167e-04,
         1.5915e-02, 1.9770e-04],
        [9.5785e-04, 8.0558e-01, 1.5294e-04, 8.0371e-06, 2.6960e-04, 7.8429e-04,
         2.4549e-02, 4.3117e-04, 1.4210e-01, 5.0384e-04, 1.4461e-03, 1.0116e-03,
         1.6050e-04, 1.3116e-03, 4.0707e-03, 1.1303e-05, 2.0157e-03, 4.8657e-04,
         1.8575e-04, 1.3963e-02]], device='cuda:0')[0m
[0;30m[2020-12-07 17:57:49] [INFO] fpn epoch : 18, train acc : 0.8983020782470703, test acc : 0.8964781165122986[0m
[0;30m[2020-12-07 17:57:50] [INFO] tensor([[2.0789e-02, 1.6844e-02, 1.0357e-03, 3.0075e-06, 3.6297e-05, 2.8493e-05,
         2.5125e-04, 1.4020e-02, 6.1340e-03, 4.8737e-05, 2.4424e-05, 7.0975e-05,
         9.1510e-05, 1.4744e-05, 9.2957e-01, 5.0346e-05, 4.2327e-03, 3.4151e-04,
         6.2284e-03, 1.8335e-04],
        [3.4796e-03, 6.9481e-02, 8.9712e-02, 2.2649e-04, 2.2112e-03, 8.9370e-04,
         2.4772e-03, 2.5015e-01, 2.1507e-02, 3.1205e-04, 1.4180e-04, 2.0862e-02,
         6.4642e-04, 9.1307e-05, 1.3054e-01, 7.0940e-04, 3.9156e-01, 5.6852e-04,
         1.3633e-02, 7.8486e-04],
        [8.4544e-05, 1.5713e-02, 1.3164e-04, 1.6788e-04, 8.3410e-05, 1.3837e-05,
         9.4797e-04, 2.4157e-02, 9.5437e-01, 1.3893e-05, 1.5361e-05, 4.4381e-05,
         9.0135e-06, 1.2826e-05, 2.8511e-03, 2.2587e-04, 8.9166e-04, 3.1644e-05,
         2.9450e-05, 2.0681e-04],
        [2.0334e-03, 6.7616e-06, 2.7390e-02, 2.1581e-05, 2.5490e-02, 1.9562e-03,
         1.0156e-04, 2.9122e-01, 2.0883e-07, 7.2978e-04, 1.1506e-04, 4.1373e-02,
         6.2818e-03, 5.6931e-08, 5.5170e-02, 1.1470e-03, 5.3278e-01, 5.7657e-04,
         1.3456e-02, 1.5208e-04],
        [7.7401e-04, 8.0956e-01, 1.3053e-04, 4.7664e-06, 1.9708e-04, 5.3761e-04,
         2.0504e-02, 2.9770e-04, 1.4789e-01, 3.6206e-04, 1.0003e-03, 7.3659e-04,
         1.0992e-04, 9.1885e-04, 4.5584e-03, 7.0899e-06, 1.3761e-03, 3.8476e-04,
         1.3720e-04, 1.0522e-02]], device='cuda:0')[0m
[0;30m[2020-12-07 17:57:50] [INFO] fpn epoch : 19, train acc : 0.9022135138511658, test acc : 0.8954108953475952[0m
[0;30m[2020-12-07 17:57:51] [INFO] tensor([[1.3701e-02, 1.6458e-02, 9.9661e-04, 1.5925e-06, 2.3939e-05, 1.6700e-05,
         2.0230e-04, 1.2386e-02, 5.5521e-03, 2.8039e-05, 1.5213e-05, 5.6208e-05,
         5.5637e-05, 9.0630e-06, 9.4298e-01, 4.1185e-05, 3.2479e-03, 2.1872e-04,
         3.8756e-03, 1.3033e-04],
        [2.2616e-03, 7.4074e-02, 1.1545e-01, 1.3654e-04, 1.9268e-03, 6.1197e-04,
         1.9122e-03, 2.3675e-01, 2.2527e-02, 2.1831e-04, 1.0219e-04, 2.1217e-02,
         4.4109e-04, 6.2992e-05, 1.2908e-01, 5.5884e-04, 3.8142e-01, 4.0628e-04,
         1.0254e-02, 5.8890e-04],
        [4.6828e-05, 1.3704e-02, 9.8766e-05, 9.5081e-05, 5.3486e-05, 7.7345e-06,
         6.7598e-04, 1.8391e-02, 9.6399e-01, 7.6944e-06, 8.5658e-06, 2.8183e-05,
         5.0730e-06, 6.7708e-06, 2.0442e-03, 1.3364e-04, 5.4398e-04, 1.8227e-05,
         1.7017e-05, 1.2760e-04],
        [1.4115e-03, 6.0237e-06, 3.3737e-02, 1.2510e-05, 2.6503e-02, 1.4439e-03,
         7.4076e-05, 3.3016e-01, 1.3989e-07, 5.3143e-04, 8.4215e-05, 4.5150e-02,
         4.6887e-03, 2.9805e-08, 5.7678e-02, 1.1934e-03, 4.8679e-01, 4.2862e-04,
         9.9905e-03, 1.1931e-04],
        [5.8584e-04, 8.1105e-01, 1.0914e-04, 2.8237e-06, 1.5161e-04, 3.9206e-04,
         1.8720e-02, 2.0077e-04, 1.5246e-01, 2.6597e-04, 7.3649e-04, 5.7556e-04,
         7.9250e-05, 6.7136e-04, 4.2283e-03, 4.5167e-06, 1.0051e-03, 2.9486e-04,
         9.9561e-05, 8.3674e-03]], device='cuda:0')[0m
[0;30m[2020-12-07 17:57:51] [INFO] fpn epoch : 20, train acc : 0.9094141721725464, test acc : 0.9028815627098083[0m
[0;30m[2020-12-07 17:57:51] [INFO] tensor([[9.6346e-03, 1.5284e-02, 8.6160e-04, 9.1162e-07, 1.8067e-05, 1.0848e-05,
         1.5710e-04, 1.0711e-02, 4.4319e-03, 1.8009e-05, 1.0749e-05, 4.7262e-05,
         3.7785e-05, 6.4043e-06, 9.5319e-01, 3.3808e-05, 2.7656e-03, 1.4942e-04,
         2.5384e-03, 9.4398e-05],
        [1.5594e-03, 7.2122e-02, 1.3128e-01, 8.5891e-05, 1.7462e-03, 4.3965e-04,
         1.4118e-03, 2.2374e-01, 1.9901e-02, 1.6615e-04, 7.9799e-05, 2.1715e-02,
         3.2663e-04, 4.8155e-05, 1.2887e-01, 4.5659e-04, 3.8748e-01, 3.0499e-04,
         7.8279e-03, 4.4158e-04],
        [3.5030e-05, 1.3011e-02, 8.7434e-05, 6.8318e-05, 4.0790e-05, 5.6465e-06,
         5.3947e-04, 1.7015e-02, 9.6657e-01, 5.6461e-06, 6.2915e-06, 2.2893e-05,
         3.7803e-06, 4.8591e-06, 1.9437e-03, 1.0167e-04, 4.1505e-04, 1.3791e-05,
         1.2970e-05, 9.3483e-05],
        [9.5656e-04, 6.6714e-06, 3.4462e-02, 8.2515e-06, 3.6047e-02, 1.0691e-03,
         6.5784e-05, 3.3219e-01, 1.1459e-07, 3.8226e-04, 6.7181e-05, 4.8287e-02,
         3.5886e-03, 1.8537e-08, 5.4529e-02, 1.2482e-03, 4.7971e-01, 3.0704e-04,
         6.9707e-03, 1.1063e-04],
        [5.1900e-04, 8.2067e-01, 1.0043e-04, 1.9081e-06, 1.2478e-04, 3.2746e-04,
         1.7318e-02, 1.5148e-04, 1.4606e-01, 2.2722e-04, 6.2714e-04, 5.0474e-04,
         6.6325e-05, 5.8511e-04, 4.4931e-03, 3.3725e-06, 8.5168e-04, 2.6055e-04,
         8.3990e-05, 7.0280e-03]], device='cuda:0')[0m
[0;30m[2020-12-07 17:57:51] [INFO] fpn epoch : 21, train acc : 0.916970431804657, test acc : 0.9099964499473572[0m
[0;30m[2020-12-07 17:57:52] [INFO] tensor([[7.3014e-03, 1.4213e-02, 7.0253e-04, 6.0757e-07, 1.5942e-05, 7.6392e-06,
         1.2488e-04, 9.6817e-03, 3.5563e-03, 1.2660e-05, 8.3121e-06, 3.9981e-05,
         2.7935e-05, 5.0204e-06, 9.5970e-01, 2.9118e-05, 2.6141e-03, 1.1123e-04,
         1.7771e-03, 7.0743e-05],
        [1.0656e-03, 6.3846e-02, 1.3028e-01, 6.2622e-05, 1.7296e-03, 3.1455e-04,
         1.0481e-03, 2.1937e-01, 1.6751e-02, 1.2576e-04, 6.1772e-05, 2.1136e-02,
         2.4400e-04, 3.6915e-05, 1.2023e-01, 4.1082e-04, 4.1701e-01, 2.2358e-04,
         5.7385e-03, 3.2166e-04],
        [2.9146e-05, 1.2393e-02, 7.8289e-05, 5.8160e-05, 3.4062e-05, 4.5163e-06,
         4.4856e-04, 1.7576e-02, 9.6684e-01, 4.5703e-06, 5.0914e-06, 1.9927e-05,
         3.1083e-06, 3.9230e-06, 1.9538e-03, 9.2700e-05, 3.6156e-04, 1.1442e-05,
         1.0849e-05, 7.2072e-05],
        [6.0691e-04, 7.7860e-06, 3.0106e-02, 6.3779e-06, 5.8829e-02, 7.6933e-04,
         6.6880e-05, 3.1381e-01, 1.0729e-07, 2.6215e-04, 5.2738e-05, 4.7249e-02,
         2.6807e-03, 1.2206e-08, 4.4918e-02, 1.3231e-03, 4.9449e-01, 2.0705e-04,
         4.5021e-03, 1.0712e-04],
        [4.9165e-04, 8.2831e-01, 9.3979e-05, 1.4683e-06, 1.1037e-04, 2.8733e-04,
         1.6270e-02, 1.2883e-04, 1.4032e-01, 2.0602e-04, 5.6738e-04, 4.5918e-04,
         5.8833e-05, 5.5309e-04, 4.9047e-03, 2.7734e-06, 8.2230e-04, 2.4317e-04,
         7.5222e-05, 6.0862e-03]], device='cuda:0')[0m
[0;30m[2020-12-07 17:57:52] [INFO] fpn epoch : 22, train acc : 0.9231042861938477, test acc : 0.9156883955001831[0m
[0;30m[2020-12-07 17:57:53] [INFO] tensor([[5.4130e-03, 1.1067e-02, 5.5014e-04, 3.8873e-07, 1.2675e-05, 4.8852e-06,
         8.5693e-05, 9.0266e-03, 2.3899e-03, 8.2626e-06, 5.6998e-06, 2.7049e-05,
         1.9274e-05, 3.4538e-06, 9.6777e-01, 2.4345e-05, 2.2144e-03, 7.8888e-05,
         1.2507e-03, 4.6342e-05],
        [7.5743e-04, 5.2112e-02, 1.2665e-01, 4.8144e-05, 1.5617e-03, 2.1903e-04,
         7.3095e-04, 2.3026e-01, 1.2939e-02, 9.3086e-05, 4.6306e-05, 1.7992e-02,
         1.7915e-04, 2.7270e-05, 1.1930e-01, 3.9979e-04, 4.3196e-01, 1.6342e-04,
         4.3549e-03, 2.2259e-04],
        [2.6194e-05, 1.2021e-02, 7.5839e-05, 5.4187e-05, 2.9150e-05, 3.9071e-06,
         3.9114e-04, 2.0024e-02, 9.6478e-01, 4.0039e-06, 4.4217e-06, 1.7861e-05,
         2.7701e-06, 3.3517e-06, 2.0475e-03, 9.8143e-05, 3.3823e-04, 1.0241e-05,
         9.8851e-06, 5.8955e-05],
        [4.1771e-04, 6.8463e-06, 2.5948e-02, 4.7370e-06, 8.1157e-02, 5.1356e-04,
         5.4342e-05, 3.2158e-01, 7.6809e-08, 1.7519e-04, 3.6932e-05, 3.7888e-02,
         1.9536e-03, 6.8873e-09, 4.2368e-02, 1.4489e-03, 4.8311e-01, 1.4244e-04,
         3.1066e-03, 8.7879e-05],
        [4.8774e-04, 8.3743e-01, 9.1930e-05, 1.2193e-06, 9.7555e-05, 2.6149e-04,
         1.5172e-02, 1.2487e-04, 1.3245e-01, 1.9307e-04, 5.2818e-04, 4.2050e-04,
         5.4319e-05, 5.2731e-04, 5.7158e-03, 2.4806e-06, 8.2628e-04, 2.3565e-04,
         7.1091e-05, 5.3057e-03]], device='cuda:0')[0m
[0;30m[2020-12-07 17:57:53] [INFO] fpn epoch : 23, train acc : 0.9227486848831177, test acc : 0.9160441160202026[0m
[0;30m[2020-12-07 17:57:53] [INFO] tensor([[4.7326e-03, 1.4456e-02, 5.5189e-04, 3.9889e-07, 1.6636e-05, 4.7272e-06,
         1.0130e-04, 1.1309e-02, 2.9619e-03, 7.5087e-06, 5.8365e-06, 2.6399e-05,
         1.8891e-05, 3.4554e-06, 9.6163e-01, 3.0207e-05, 2.9259e-03, 7.1528e-05,
         1.0943e-03, 4.9981e-05],
        [4.9621e-04, 4.9421e-02, 1.1569e-01, 4.1204e-05, 1.5524e-03, 1.6154e-04,
         6.1432e-04, 2.3504e-01, 1.2457e-02, 7.0078e-05, 3.6535e-05, 1.5375e-02,
         1.3593e-04, 2.0785e-05, 9.0859e-02, 4.0945e-04, 4.7418e-01, 1.1898e-04,
         3.1484e-03, 1.7134e-04],
        [1.8249e-05, 1.1112e-02, 6.0119e-05, 4.4965e-05, 2.2899e-05, 2.8518e-06,
         3.3171e-04, 1.8543e-02, 9.6802e-01, 2.8986e-06, 3.2893e-06, 1.3546e-05,
         2.0595e-06, 2.4109e-06, 1.3824e-03, 9.0954e-05, 2.8992e-04, 7.4034e-06,
         7.2459e-06, 4.4008e-05],
        [2.3925e-04, 7.7042e-06, 1.9009e-02, 4.1588e-06, 1.1980e-01, 3.3836e-04,
         5.7428e-05, 2.9727e-01, 7.8178e-08, 1.1089e-04, 2.6112e-05, 2.9466e-02,
         1.3721e-03, 4.1037e-09, 2.7188e-02, 1.6068e-03, 5.0148e-01, 8.8003e-05,
         1.8557e-03, 8.3412e-05],
        [3.8930e-04, 8.3659e-01, 7.7247e-05, 9.7436e-07, 8.4671e-05, 2.1724e-04,
         1.4449e-02, 1.0846e-04, 1.3644e-01, 1.6103e-04, 4.5557e-04, 3.5524e-04,
         4.5492e-05, 4.5025e-04, 4.5038e-03, 2.0332e-06, 8.0694e-04, 1.9580e-04,
         5.6836e-05, 4.6048e-03]], device='cuda:0')[0m
[0;30m[2020-12-07 17:57:53] [INFO] fpn epoch : 24, train acc : 0.936527669429779, test acc : 0.9295624494552612[0m
[0;30m[2020-12-07 17:57:54] [INFO] tensor([[3.5941e-03, 1.2258e-02, 4.4657e-04, 2.7970e-07, 1.3764e-05, 3.4091e-06,
         7.6666e-05, 1.0169e-02, 2.1743e-03, 5.3344e-06, 4.3836e-06, 1.8141e-05,
         1.4045e-05, 2.5786e-06, 9.6766e-01, 2.6919e-05, 2.6221e-03, 5.3357e-05,
         8.1845e-04, 3.6786e-05],
        [3.9350e-04, 4.3271e-02, 1.1071e-01, 3.3494e-05, 1.3854e-03, 1.2596e-04,
         4.9881e-04, 2.3308e-01, 1.0473e-02, 5.7419e-05, 3.0666e-05, 1.2690e-02,
         1.0885e-04, 1.6925e-05, 9.5406e-02, 4.2589e-04, 4.8849e-01, 9.6706e-05,
         2.5843e-03, 1.3223e-04],
        [1.6605e-05, 1.0651e-02, 5.8998e-05, 4.2577e-05, 2.0439e-05, 2.5320e-06,
         2.9091e-04, 1.9709e-02, 9.6729e-01, 2.6016e-06, 2.9265e-06, 1.1997e-05,
         1.8942e-06, 2.0998e-06, 1.4704e-03, 1.0066e-04, 2.7935e-04, 6.7726e-06,
         6.7811e-06, 3.7083e-05],
        [1.7521e-04, 8.3472e-06, 1.5854e-02, 3.2141e-06, 1.4246e-01, 2.5148e-04,
         5.3959e-05, 2.8329e-01, 7.2065e-08, 8.2539e-05, 2.1385e-05, 2.3800e-02,
         1.0972e-03, 2.9579e-09, 2.4160e-02, 1.8376e-03, 5.0538e-01, 6.6197e-05,
         1.3770e-03, 7.7526e-05],
        [3.7077e-04, 8.4691e-01, 7.2840e-05, 8.3229e-07, 7.5840e-05, 1.9492e-04,
         1.3307e-02, 9.9711e-05, 1.2748e-01, 1.4934e-04, 4.2369e-04, 3.1583e-04,
         4.2043e-05, 4.1950e-04, 5.0018e-03, 1.8550e-06, 8.1294e-04, 1.8612e-04,
         5.3144e-05, 4.0805e-03]], device='cuda:0')[0m
[0;30m[2020-12-07 17:57:54] [INFO] fpn epoch : 25, train acc : 0.9380389451980591, test acc : 0.9348986148834229[0m
[0;30m[2020-12-07 17:57:54] [INFO] tensor([[2.6243e-03, 8.7414e-03, 3.4953e-04, 1.7278e-07, 9.1521e-06, 2.1575e-06,
         5.0283e-05, 7.9672e-03, 1.3540e-03, 3.4293e-06, 2.8523e-06, 1.0532e-05,
         9.1581e-06, 1.6803e-06, 9.7625e-01, 2.0792e-05, 1.9540e-03, 3.7383e-05,
         5.9292e-04, 2.3266e-05],
        [3.2987e-04, 3.7878e-02, 1.1025e-01, 2.7671e-05, 1.1890e-03, 9.9877e-05,
         4.2622e-04, 2.2963e-01, 8.4744e-03, 4.7080e-05, 2.5794e-05, 1.0313e-02,
         8.6946e-05, 1.3706e-05, 1.1134e-01, 4.5488e-04, 4.8704e-01, 7.9782e-05,
         2.1959e-03, 1.0444e-04],
        [1.5814e-05, 1.0549e-02, 6.1810e-05, 4.2120e-05, 1.9576e-05, 2.3333e-06,
         2.6934e-04, 2.1527e-02, 9.6530e-01, 2.4175e-06, 2.6858e-06, 1.0930e-05,
         1.8023e-06, 1.8805e-06, 1.7547e-03, 1.1820e-04, 2.7826e-04, 6.4153e-06,
         6.6037e-06, 3.2758e-05],
        [1.5253e-04, 8.5854e-06, 1.5645e-02, 2.5371e-06, 1.4219e-01, 2.0190e-04,
         4.8765e-05, 2.9294e-01, 6.5041e-08, 6.8990e-05, 1.8699e-05, 1.9673e-02,
         9.3555e-04, 2.3051e-09, 2.7051e-02, 2.2455e-03, 4.9748e-01, 5.7807e-05,
         1.2061e-03, 7.0767e-05],
        [3.7144e-04, 8.5454e-01, 7.2344e-05, 7.4711e-07, 7.0697e-05, 1.7888e-04,
         1.2648e-02, 9.5583e-05, 1.1968e-01, 1.4128e-04, 4.0016e-04, 2.8802e-04,
         3.9794e-05, 3.9458e-04, 6.2796e-03, 1.7618e-06, 8.3645e-04, 1.8303e-04,
         5.2280e-05, 3.7285e-03]], device='cuda:0')[0m
[0;30m[2020-12-07 17:57:54] [INFO] fpn epoch : 26, train acc : 0.9402613639831543, test acc : 0.9345428943634033[0m
[0;30m[2020-12-07 17:57:55] [INFO] tensor([[2.5748e-03, 1.5674e-02, 4.2058e-04, 2.3887e-07, 1.4578e-05, 2.7292e-06,
         8.6894e-05, 1.0814e-02, 2.7148e-03, 3.9056e-06, 3.7296e-06, 1.2457e-05,
         1.0926e-05, 2.1123e-06, 9.6388e-01, 3.2456e-05, 3.0690e-03, 3.9867e-05,
         6.0708e-04, 3.4819e-05],
        [2.2829e-04, 4.4581e-02, 1.0049e-01, 2.7019e-05, 1.2456e-03, 8.3394e-05,
         4.7266e-04, 2.2529e-01, 1.1027e-02, 3.8413e-05, 2.2756e-05, 8.9775e-03,
         7.0858e-05, 1.1462e-05, 8.1845e-02, 5.2656e-04, 5.2325e-01, 6.2780e-05,
         1.6532e-03, 9.6902e-05],
        [8.9942e-06, 9.2883e-03, 4.0514e-05, 3.2076e-05, 1.5247e-05, 1.4536e-06,
         2.2370e-04, 1.5536e-02, 9.7358e-01, 1.4674e-06, 1.7305e-06, 6.9638e-06,
         1.1343e-06, 1.1561e-06, 9.2458e-04, 1.0004e-04, 2.0387e-04, 3.8258e-06,
         3.9758e-06, 2.3048e-05],
        [8.9752e-05, 1.2746e-05, 1.1916e-02, 2.7167e-06, 1.7395e-01, 1.4864e-04,
         6.6477e-05, 2.6194e-01, 1.0317e-07, 4.7149e-05, 1.5323e-05, 1.5898e-02,
         6.9128e-04, 1.8154e-09, 1.6128e-02, 2.8064e-03, 5.1541e-01, 3.7820e-05,
         7.5665e-04, 8.0032e-05],
        [2.6093e-04, 8.3082e-01, 5.5883e-05, 6.2580e-07, 6.7967e-05, 1.4199e-04,
         1.2845e-02, 7.6835e-05, 1.4627e-01, 1.0844e-04, 3.3112e-04, 2.3131e-04,
         3.1564e-05, 3.1288e-04, 4.1078e-03, 1.4243e-06, 7.7357e-04, 1.3727e-04,
         3.8008e-05, 3.3944e-03]], device='cuda:0')[0m
